,x,max_e(x|y),count_y_to_x,y_star
0,!,0.005441708283106595,158,O
1,"""",0.011695906432748537,2,I-negative
2,%,0.0004132942999827794,12,O
3,(,0.004511796108145342,131,O
4,),0.004511796108145342,131,O
5,):,3.4441191665231616e-05,1,O
6,);,3.4441191665231616e-05,1,O
7,*,3.4441191665231616e-05,1,O
8,+,6.888238333046323e-05,2,O
9,",",0.05731014293094541,1664,O
10,-,0.023255813953488372,1,I-neutral
11,.,0.055898054072670914,1623,O
12,..,0.0006543826416394007,19,O
13,...,0.0013776476666092646,40,O
14,/,0.0010332357499569485,30,O
15,02-12-,3.4441191665231616e-05,1,O
16,07,3.4441191665231616e-05,1,O
17,07.02,3.4441191665231616e-05,1,O
18,08,6.888238333046323e-05,2,O
19,09,6.888238333046323e-05,2,O
20,1,0.00024108834165662132,7,O
21,1.01,3.4441191665231616e-05,1,O
22,1/02,3.4441191665231616e-05,1,O
23,1/08,3.4441191665231616e-05,1,O
24,10,0.0004132942999827794,12,O
25,"10,0",3.4441191665231616e-05,1,O
26,100,0.00013776476666092647,4,O
27,10minutos,3.4441191665231616e-05,1,O
28,11,0.00010332357499569486,3,O
29,110,3.4441191665231616e-05,1,O
30,"113,00",3.4441191665231616e-05,1,O
31,11:00,3.4441191665231616e-05,1,O
32,12,0.00017220595832615808,5,O
33,12.45,3.4441191665231616e-05,1,O
34,13h,3.4441191665231616e-05,1,O
35,14,6.888238333046323e-05,2,O
36,15,0.00017220595832615808,5,O
37,15.01,3.4441191665231616e-05,1,O
38,15/03,3.4441191665231616e-05,1,O
39,15h30,3.4441191665231616e-05,1,O
40,16,3.4441191665231616e-05,1,O
41,170,3.4441191665231616e-05,1,O
42,175,3.4441191665231616e-05,1,O
43,18,0.00010332357499569486,3,O
44,18/03,3.4441191665231616e-05,1,O
45,180º,3.4441191665231616e-05,1,O
46,1ª,3.4441191665231616e-05,1,O
47,2,0.0005510590666437059,16,O
48,"2,50",3.4441191665231616e-05,1,O
49,20,0.00027552953332185293,8,O
50,20.30,3.4441191665231616e-05,1,O
51,2004,3.4441191665231616e-05,1,O
52,2005,3.4441191665231616e-05,1,O
53,2007,6.888238333046323e-05,2,O
54,2008,3.4441191665231616e-05,1,O
55,2009,6.888238333046323e-05,2,O
56,2010,0.00010332357499569486,3,O
57,2012,6.888238333046323e-05,2,O
58,2013,3.4441191665231616e-05,1,O
59,2014Fuimos,3.4441191665231616e-05,1,O
60,21,0.00010332357499569486,3,O
61,"21,45",3.4441191665231616e-05,1,O
62,21.30,3.4441191665231616e-05,1,O
63,21/01,3.4441191665231616e-05,1,O
64,21:00,3.4441191665231616e-05,1,O
65,22,0.00010332357499569486,3,O
66,22.30,6.888238333046323e-05,2,O
67,22:00,3.4441191665231616e-05,1,O
68,22:30,3.4441191665231616e-05,1,O
69,23,3.4441191665231616e-05,1,O
70,"23,30",3.4441191665231616e-05,1,O
71,23:30,0.00010332357499569486,3,O
72,25,0.00017220595832615808,5,O
73,26,6.888238333046323e-05,2,O
74,27,6.888238333046323e-05,2,O
75,28,6.888238333046323e-05,2,O
76,29,3.4441191665231616e-05,1,O
77,3,0.0031847133757961785,1,I-positive
78,"3,5",6.888238333046323e-05,2,O
79,30,0.00037885310831754776,11,O
80,30euros,3.4441191665231616e-05,1,O
81,32,0.00010332357499569486,3,O
82,"32,50",3.4441191665231616e-05,1,O
83,32-27,3.4441191665231616e-05,1,O
84,35,3.4441191665231616e-05,1,O
85,35-45,3.4441191665231616e-05,1,O
86,36,6.888238333046323e-05,2,O
87,38,6.888238333046323e-05,2,O
88,4,0.0005510590666437059,16,O
89,40,6.888238333046323e-05,2,O
90,45,3.4441191665231616e-05,1,O
91,"48,00",0.0031847133757961785,1,I-positive
92,4º,3.4441191665231616e-05,1,O
93,5,0.00034441191665231615,10,O
94,"5,5",3.4441191665231616e-05,1,O
95,50,0.00017220595832615808,5,O
96,500cc,0.005847953216374269,1,I-negative
97,53,6.888238333046323e-05,2,O
98,55,3.4441191665231616e-05,1,O
99,59,3.4441191665231616e-05,1,O
100,5J,3.4441191665231616e-05,1,O
101,6,0.0002066471499913897,6,O
102,6-12-,3.4441191665231616e-05,1,O
103,6.5,3.4441191665231616e-05,1,O
104,60,0.00010332357499569486,3,O
105,64,3.4441191665231616e-05,1,O
106,65,0.0031847133757961785,1,I-positive
107,66,3.4441191665231616e-05,1,O
108,70,0.00010332357499569486,3,O
109,700,3.4441191665231616e-05,1,O
110,750cc,3.4441191665231616e-05,1,O
111,8,0.00010332357499569486,3,O
112,"8,5",3.4441191665231616e-05,1,O
113,80,3.4441191665231616e-05,1,O
114,9,0.0002066471499913897,6,O
115,9.5,3.4441191665231616e-05,1,O
116,9R,0.0008620689655172414,1,B-positive
117,9reinas,0.0017241379310344827,2,B-positive
118,:,0.00234200103323575,68,O
119,;,0.0006888238333046323,20,O
120,<+>,0.0006199414499741691,18,O
121,<->,0.0004132942999827794,12,O
122,=,3.4441191665231616e-05,1,O
123,?,0.0008954709832960221,26,O
124,A,0.0008265885999655589,24,O
125,ALMERÍA,3.4441191665231616e-05,1,O
126,Absolutamente,0.00010332357499569486,3,O
127,Acaso,3.4441191665231616e-05,1,O
128,Acogedor,3.4441191665231616e-05,1,O
129,Acostumbrado,3.4441191665231616e-05,1,O
130,Actuaban,3.4441191665231616e-05,1,O
131,Ademas,3.4441191665231616e-05,1,O
132,Además,0.0002066471499913897,6,O
133,Afirmar,3.4441191665231616e-05,1,O
134,Agosto,3.4441191665231616e-05,1,O
135,Agradable,0.00010332357499569486,3,O
136,Agricultura,3.4441191665231616e-05,1,O
137,Ahora,6.888238333046323e-05,2,O
138,Al,0.00017220595832615808,5,O
139,Alagarmos,3.4441191665231616e-05,1,O
140,Albericoque,3.4441191665231616e-05,1,O
141,Alberto,3.4441191665231616e-05,1,O
142,Alcachofas,0.0026246719160104987,1,B-negative
143,Algo,0.00017220595832615808,5,O
144,Alguien,3.4441191665231616e-05,1,O
145,Alguno,3.4441191665231616e-05,1,O
146,Algunos,6.888238333046323e-05,2,O
147,Almería,3.4441191665231616e-05,1,O
148,Altamente,3.4441191665231616e-05,1,O
149,Amar,3.4441191665231616e-05,1,O
150,Ambiente,0.006896551724137931,8,B-positive
151,Amigo,3.4441191665231616e-05,1,O
152,Ana,0.002586206896551724,3,B-positive
153,Andalucía,3.4441191665231616e-05,1,O
154,Anoche,3.4441191665231616e-05,1,O
155,Anselmo,6.888238333046323e-05,2,O
156,Antes,3.4441191665231616e-05,1,O
157,Aparte,3.4441191665231616e-05,1,O
158,Aperitivos,3.4441191665231616e-05,1,O
159,Apruebo,3.4441191665231616e-05,1,O
160,Apto,3.4441191665231616e-05,1,O
161,Apuntada,3.4441191665231616e-05,1,O
162,Aragoneses,3.4441191665231616e-05,1,O
163,Aragonia,0.00010332357499569486,3,O
164,Aragonés,6.888238333046323e-05,2,O
165,Aragón,0.0031847133757961785,1,I-positive
166,Aranda,0.0031847133757961785,1,I-positive
167,Argente,3.4441191665231616e-05,1,O
168,Arroz,0.0026246719160104987,1,B-negative
169,Arzak,3.4441191665231616e-05,1,O
170,Asador,6.888238333046323e-05,2,O
171,Asi,0.00010332357499569486,3,O
172,Así,6.888238333046323e-05,2,O
173,Atencion,0.0008620689655172414,1,B-positive
174,Atentos,3.4441191665231616e-05,1,O
175,Atteca,0.0008620689655172414,1,B-positive
176,Aunque,0.00017220595832615808,5,O
177,Ayer,0.00024108834165662132,7,O
178,Ayerbe,3.4441191665231616e-05,1,O
179,Ayles,3.4441191665231616e-05,1,O
180,AÑO,3.4441191665231616e-05,1,O
181,B,3.4441191665231616e-05,1,O
182,BADAJOZ,3.4441191665231616e-05,1,O
183,BASTAN,3.4441191665231616e-05,1,O
184,BCN,3.4441191665231616e-05,1,O
185,BOCA,3.4441191665231616e-05,1,O
186,BOSTEZOS,3.4441191665231616e-05,1,O
187,BOTIN,3.4441191665231616e-05,1,O
188,BUEN,3.4441191665231616e-05,1,O
189,Bacalao,0.013888888888888888,1,B-neutral
190,Bahía,3.4441191665231616e-05,1,O
191,Bailar,3.4441191665231616e-05,1,O
192,Bal,0.0002066471499913897,6,O
193,Balmes,6.888238333046323e-05,2,O
194,Balneario,0.00013776476666092647,4,O
195,Bar,3.4441191665231616e-05,1,O
196,Barcelona,0.0006888238333046323,20,O
197,Barceloneta,6.888238333046323e-05,2,O
198,Bares,3.4441191665231616e-05,1,O
199,Barna,3.4441191665231616e-05,1,O
200,Bastante,3.4441191665231616e-05,1,O
201,Bebidas,0.0008620689655172414,1,B-positive
202,Berasategui,3.4441191665231616e-05,1,O
203,Besugo,0.0026246719160104987,1,B-negative
204,Bien,0.0002066471499913897,6,O
205,Blanc,3.4441191665231616e-05,1,O
206,Blue,0.0031847133757961785,1,I-positive
207,Bodas,3.4441191665231616e-05,1,O
208,Bodega,3.4441191665231616e-05,1,O
209,Borbom,3.4441191665231616e-05,1,O
210,Bordado.Muchas,3.4441191665231616e-05,1,O
211,Bordejé,6.888238333046323e-05,2,O
212,Borja,3.4441191665231616e-05,1,O
213,Born,3.4441191665231616e-05,1,O
214,Bricomanía,3.4441191665231616e-05,1,O
215,Broto,3.4441191665231616e-05,1,O
216,Buen,0.0006888238333046323,20,O
217,Buena,0.0005855002583089375,17,O
218,Buenas,0.00010332357499569486,3,O
219,Bueno,0.00010332357499569486,3,O
220,Buenísimo,3.4441191665231616e-05,1,O
221,Burger,3.4441191665231616e-05,1,O
222,C,6.888238333046323e-05,2,O
223,CAMARERA,0.0026246719160104987,1,B-negative
224,CARTA,3.4441191665231616e-05,1,O
225,CASTAÑA,3.4441191665231616e-05,1,O
226,COMERLO,3.4441191665231616e-05,1,O
227,COMO,3.4441191665231616e-05,1,O
228,CONOCEMOS,3.4441191665231616e-05,1,O
229,CORAZÓN,3.4441191665231616e-05,1,O
230,CORREGIDOR,3.4441191665231616e-05,1,O
231,CUATRO,0.0008620689655172414,1,B-positive
232,Cachirulo,3.4441191665231616e-05,1,O
233,Cafe,0.0008620689655172414,1,B-positive
234,Café,3.4441191665231616e-05,1,O
235,Calatayud,0.0031847133757961785,1,I-positive
236,Calidad,0.00030997072498708454,9,O
237,Calidad-precio,0.0008620689655172414,1,B-positive
238,Calor,3.4441191665231616e-05,1,O
239,CalÇots,0.0008620689655172414,1,B-positive
240,Calçots,0.013888888888888888,1,B-neutral
241,Camarera,0.0008620689655172414,1,B-positive
242,Camareros,0.0026246719160104987,1,B-negative
243,Camarón,0.005847953216374269,1,I-negative
244,Can,3.4441191665231616e-05,1,O
245,Candelas,6.888238333046323e-05,2,O
246,Cantidad,3.4441191665231616e-05,1,O
247,Cariñena,3.4441191665231616e-05,1,O
248,Carlos,6.888238333046323e-05,2,O
249,Carnes,0.0008620689655172414,1,B-positive
250,Caro,3.4441191665231616e-05,1,O
251,Carpaccio,0.0026246719160104987,1,B-negative
252,Carta,3.4441191665231616e-05,1,O
253,Casa,6.888238333046323e-05,2,O
254,CaseroUn,3.4441191665231616e-05,1,O
255,Casi,3.4441191665231616e-05,1,O
256,Caótico,0.0026246719160104987,1,B-negative
257,Celebramos,0.00010332357499569486,3,O
258,Cena,0.0008620689655172414,1,B-positive
259,Cenados,3.4441191665231616e-05,1,O
260,Cenamos,0.0002066471499913897,6,O
261,CenarEl,3.4441191665231616e-05,1,O
262,Central,3.4441191665231616e-05,1,O
263,Cesta,3.4441191665231616e-05,1,O
264,Chardonay,3.4441191665231616e-05,1,O
265,Charly,0.023255813953488372,1,I-neutral
266,Chef,3.4441191665231616e-05,1,O
267,Chema,3.4441191665231616e-05,1,O
268,Choco,0.0008620689655172414,1,B-positive
269,Chupito,0.0031847133757961785,1,I-positive
270,Chupitos,3.4441191665231616e-05,1,O
271,Cielo,0.0031847133757961785,1,I-positive
272,Ciertamente,3.4441191665231616e-05,1,O
273,Cinco,3.4441191665231616e-05,1,O
274,City,3.4441191665231616e-05,1,O
275,Ciudad,3.4441191665231616e-05,1,O
276,Cobraron,3.4441191665231616e-05,1,O
277,Cocina,0.0017241379310344827,2,B-positive
278,Colette,0.00017220595832615808,5,O
279,ComasEn,3.4441191665231616e-05,1,O
280,Comedor,0.0017241379310344827,2,B-positive
281,Comer,3.4441191665231616e-05,1,O
282,Comes,3.4441191665231616e-05,1,O
283,Comida,0.013888888888888888,1,B-neutral
284,Comido,3.4441191665231616e-05,1,O
285,Comimos,0.0031847133757961785,1,I-positive
286,Como,0.00044773549164801103,13,O
287,Compruebo,3.4441191665231616e-05,1,O
288,Comunicaros,3.4441191665231616e-05,1,O
289,Comunion,3.4441191665231616e-05,1,O
290,Comunión,3.4441191665231616e-05,1,O
291,Con,0.00030997072498708454,9,O
292,Conclusión,3.4441191665231616e-05,1,O
293,Condal,3.4441191665231616e-05,1,O
294,Confío,3.4441191665231616e-05,1,O
295,Conocimos,3.4441191665231616e-05,1,O
296,Contenta,3.4441191665231616e-05,1,O
297,Continuamos,3.4441191665231616e-05,1,O
298,Convencido,3.4441191665231616e-05,1,O
299,Copio,3.4441191665231616e-05,1,O
300,Cordero,0.0026246719160104987,1,B-negative
301,Corona,3.4441191665231616e-05,1,O
302,Correcto,3.4441191665231616e-05,1,O
303,CorrectoLas,3.4441191665231616e-05,1,O
304,Cosa,3.4441191665231616e-05,1,O
305,Cosas,3.4441191665231616e-05,1,O
306,Creo,0.00024108834165662132,7,O
307,Croquetas,0.0026246719160104987,1,B-negative
308,Cualquier,3.4441191665231616e-05,1,O
309,Cuando,0.0026246719160104987,1,B-negative
310,Cubiertos,0.0026246719160104987,1,B-negative
311,Cumplió,3.4441191665231616e-05,1,O
312,Cx,3.4441191665231616e-05,1,O
313,CÁDIZ,3.4441191665231616e-05,1,O
314,Cádiz,0.00010332357499569486,3,O
315,César,3.4441191665231616e-05,1,O
316,D,0.00027552953332185293,8,O
317,DE,0.00017220595832615808,5,O
318,DECIMOS,3.4441191665231616e-05,1,O
319,DEL,3.4441191665231616e-05,1,O
320,DESPENSA,0.005847953216374269,1,I-negative
321,DGusta,3.4441191665231616e-05,1,O
322,Da,6.888238333046323e-05,2,O
323,De,0.006369426751592357,2,I-positive
324,Debe,3.4441191665231616e-05,1,O
325,Deben,3.4441191665231616e-05,1,O
326,Decepcionante,6.888238333046323e-05,2,O
327,DecepcionanteCon,3.4441191665231616e-05,1,O
328,Decepción,3.4441191665231616e-05,1,O
329,Decir,3.4441191665231616e-05,1,O
330,Definitivamente,6.888238333046323e-05,2,O
331,Degustación,6.888238333046323e-05,2,O
332,Degusté,3.4441191665231616e-05,1,O
333,Del,0.00010332357499569486,3,O
334,Demas,3.4441191665231616e-05,1,O
335,Demasiado,3.4441191665231616e-05,1,O
336,Desde,0.00017220595832615808,5,O
337,Despensa,3.4441191665231616e-05,1,O
338,Después,0.00013776476666092647,4,O
339,Destacable,3.4441191665231616e-05,1,O
340,Desvirtúa,3.4441191665231616e-05,1,O
341,Detalle,3.4441191665231616e-05,1,O
342,Dgusta,3.4441191665231616e-05,1,O
343,Dia,3.4441191665231616e-05,1,O
344,Diario,3.4441191665231616e-05,1,O
345,Dicen,3.4441191665231616e-05,1,O
346,Dices,3.4441191665231616e-05,1,O
347,Difícil,3.4441191665231616e-05,1,O
348,Dios,3.4441191665231616e-05,1,O
349,Disfrutamos,3.4441191665231616e-05,1,O
350,Diverxo,3.4441191665231616e-05,1,O
351,Dos,0.0031847133757961785,1,I-positive
352,Dulce,0.0031847133757961785,1,I-positive
353,EL,6.888238333046323e-05,2,O
354,EN,3.4441191665231616e-05,1,O
355,ENEMIGO,3.4441191665231616e-05,1,O
356,ENTENDEDOR,3.4441191665231616e-05,1,O
357,ENTRAR,3.4441191665231616e-05,1,O
358,ES,3.4441191665231616e-05,1,O
359,ESCASO,6.888238333046323e-05,2,O
360,ESTO,3.4441191665231616e-05,1,O
361,ESTUPENDA,6.888238333046323e-05,2,O
362,EVITADLO,3.4441191665231616e-05,1,O
363,Eduardo,0.0008620689655172414,1,B-positive
364,El,0.005372825899776132,156,O
365,Elegí,3.4441191665231616e-05,1,O
366,Ellos,3.4441191665231616e-05,1,O
367,Empecemos,3.4441191665231616e-05,1,O
368,Empecé,6.888238333046323e-05,2,O
369,Empiezo,3.4441191665231616e-05,1,O
370,En,0.0026246719160104987,1,B-negative
371,Enate,0.0008620689655172414,1,B-positive
372,EncantadoraRepetiremos,3.4441191665231616e-05,1,O
373,Encima,3.4441191665231616e-05,1,O
374,Enero,3.4441191665231616e-05,1,O
375,Enhorabuena,0.00013776476666092647,4,O
376,Ensalada,3.4441191665231616e-05,1,O
377,Entera,3.4441191665231616e-05,1,O
378,Entramos,6.888238333046323e-05,2,O
379,Entrañas,3.4441191665231616e-05,1,O
380,Era,0.00013776476666092647,4,O
381,Eramos,3.4441191665231616e-05,1,O
382,Es,0.0009299121749612537,27,O
383,Escriba,0.00010332357499569486,3,O
384,Eso,6.888238333046323e-05,2,O
385,España,3.4441191665231616e-05,1,O
386,Especialmente,3.4441191665231616e-05,1,O
387,Espectacular,3.4441191665231616e-05,1,O
388,Esperamos,3.4441191665231616e-05,1,O
389,Espero,0.00010332357499569486,3,O
390,Esplendido,3.4441191665231616e-05,1,O
391,Esta,0.0031847133757961785,1,I-positive
392,Estaba,0.00010332357499569486,3,O
393,Estabamos,3.4441191665231616e-05,1,O
394,Estaban,0.00010332357499569486,3,O
395,Estamos,3.4441191665231616e-05,1,O
396,Estaria,3.4441191665231616e-05,1,O
397,Este,0.00017220595832615808,5,O
398,Estilo,3.4441191665231616e-05,1,O
399,Estos,3.4441191665231616e-05,1,O
400,Estoy,3.4441191665231616e-05,1,O
401,Estrella,3.4441191665231616e-05,1,O
402,Estube,3.4441191665231616e-05,1,O
403,Estupenda,3.4441191665231616e-05,1,O
404,Estupendo,3.4441191665231616e-05,1,O
405,Estuve,0.00048217668331324264,14,O
406,Estuvimos,0.0002066471499913897,6,O
407,Está,3.4441191665231616e-05,1,O
408,Euros,6.888238333046323e-05,2,O
409,Evidentemente,3.4441191665231616e-05,1,O
410,Excelente,0.0007921474083003272,23,O
411,Excelentes,6.888238333046323e-05,2,O
412,ExcelentesDe,3.4441191665231616e-05,1,O
413,Exquisitas,3.4441191665231616e-05,1,O
414,Extraordinario,3.4441191665231616e-05,1,O
415,Extraurinadio,3.4441191665231616e-05,1,O
416,Extremadamente,6.888238333046323e-05,2,O
417,FELIZ,3.4441191665231616e-05,1,O
418,Fabuloso,6.888238333046323e-05,2,O
419,Fantastico,3.4441191665231616e-05,1,O
420,Fantástico,0.00013776476666092647,4,O
421,Febrero,3.4441191665231616e-05,1,O
422,Felicidades,6.888238333046323e-05,2,O
423,Felicitar,3.4441191665231616e-05,1,O
424,Fenomenal,3.4441191665231616e-05,1,O
425,Fernando,6.888238333046323e-05,2,O
426,Ferreira,0.0031847133757961785,1,I-positive
427,Fiel,3.4441191665231616e-05,1,O
428,Fiesta,3.4441191665231616e-05,1,O
429,Filoxera,3.4441191665231616e-05,1,O
430,Finalmente,3.4441191665231616e-05,1,O
431,Flauta,3.4441191665231616e-05,1,O
432,Francamente,3.4441191665231616e-05,1,O
433,Frances,3.4441191665231616e-05,1,O
434,Frisch,3.4441191665231616e-05,1,O
435,Fue,0.00027552953332185293,8,O
436,Fueron,0.0008620689655172414,1,B-positive
437,Fui,0.00010332357499569486,3,O
438,Fuimos,0.00044773549164801103,13,O
439,Fué,6.888238333046323e-05,2,O
440,Galicia,3.4441191665231616e-05,1,O
441,Gallego,0.0031847133757961785,1,I-positive
442,Gambas,0.0026246719160104987,1,B-negative
443,Gamberro,6.888238333046323e-05,2,O
444,Generoso,3.4441191665231616e-05,1,O
445,Genial,6.888238333046323e-05,2,O
446,Genial.El,3.4441191665231616e-05,1,O
447,Gin,3.4441191665231616e-05,1,O
448,Gonzalo,0.00010332357499569486,3,O
449,Gracias,0.00027552953332185293,8,O
450,Gran,0.0008620689655172414,1,B-positive
451,Grandisima,3.4441191665231616e-05,1,O
452,Grata,3.4441191665231616e-05,1,O
453,Gratis,3.4441191665231616e-05,1,O
454,Groupalia,3.4441191665231616e-05,1,O
455,Grupo,3.4441191665231616e-05,1,O
456,Gustos,3.4441191665231616e-05,1,O
457,HOSTERIA,3.4441191665231616e-05,1,O
458,HUELVA,3.4441191665231616e-05,1,O
459,HUEVO,3.4441191665231616e-05,1,O
460,Ha,6.888238333046323e-05,2,O
461,Habia,3.4441191665231616e-05,1,O
462,Habiamos,3.4441191665231616e-05,1,O
463,Hablé,3.4441191665231616e-05,1,O
464,Habrá,3.4441191665231616e-05,1,O
465,Había,6.888238333046323e-05,2,O
466,Hace,6.888238333046323e-05,2,O
467,Hacerlo,3.4441191665231616e-05,1,O
468,Hacia,0.00010332357499569486,3,O
469,Hacía,6.888238333046323e-05,2,O
470,Han,6.888238333046323e-05,2,O
471,Hay,0.00017220595832615808,5,O
472,He,0.00024108834165662132,7,O
473,Hemos,0.0005510590666437059,16,O
474,Hemosido,3.4441191665231616e-05,1,O
475,Heraldo,3.4441191665231616e-05,1,O
476,Hice,6.888238333046323e-05,2,O
477,Hicimos,3.4441191665231616e-05,1,O
478,Hija,3.4441191665231616e-05,1,O
479,Hola,0.00037885310831754776,11,O
480,Homogeneidad,0.0008620689655172414,1,B-positive
481,Hortigillas,0.0026246719160104987,1,B-negative
482,Hotel,6.888238333046323e-05,2,O
483,Hoy,0.00013776476666092647,4,O
484,Hubiera,3.4441191665231616e-05,1,O
485,Huelva,3.4441191665231616e-05,1,O
486,IMPOSIBLE,3.4441191665231616e-05,1,O
487,IVA,3.4441191665231616e-05,1,O
488,Ideal,0.00010332357499569486,3,O
489,Igual,3.4441191665231616e-05,1,O
490,Impecable,6.888238333046323e-05,2,O
491,Imperdible,3.4441191665231616e-05,1,O
492,Importo,3.4441191665231616e-05,1,O
493,Impresionante,6.888238333046323e-05,2,O
494,Incomestible,3.4441191665231616e-05,1,O
495,Increible,6.888238333046323e-05,2,O
496,Ingeniosos,3.4441191665231616e-05,1,O
497,Inmejorables,3.4441191665231616e-05,1,O
498,Insisto,3.4441191665231616e-05,1,O
499,Intentaré,3.4441191665231616e-05,1,O
500,Intento,3.4441191665231616e-05,1,O
501,Interior,0.0008620689655172414,1,B-positive
502,Internet,3.4441191665231616e-05,1,O
503,J,3.4441191665231616e-05,1,O
504,JOse,3.4441191665231616e-05,1,O
505,JR,3.4441191665231616e-05,1,O
506,JUAS,3.4441191665231616e-05,1,O
507,Jamon,3.4441191665231616e-05,1,O
508,Jamón,0.0008620689655172414,1,B-positive
509,Jefa,3.4441191665231616e-05,1,O
510,Jefe,0.0008620689655172414,1,B-positive
511,Jiloca,0.00010332357499569486,3,O
512,Joaquina,6.888238333046323e-05,2,O
513,Jordi,6.888238333046323e-05,2,O
514,Jornadas,3.4441191665231616e-05,1,O
515,Jose,0.00013776476666092647,4,O
516,Josefa,3.4441191665231616e-05,1,O
517,José,6.888238333046323e-05,2,O
518,JoséEn,3.4441191665231616e-05,1,O
519,JoséHe,3.4441191665231616e-05,1,O
520,Julio,0.0008620689655172414,1,B-positive
521,Junquera,3.4441191665231616e-05,1,O
522,Justito,3.4441191665231616e-05,1,O
523,Jésús,3.4441191665231616e-05,1,O
524,King,3.4441191665231616e-05,1,O
525,Kobe,0.0031847133757961785,1,I-positive
526,Kupela,3.4441191665231616e-05,1,O
527,L,0.0026246719160104987,1,B-negative
528,L'Olivé,6.888238333046323e-05,2,O
529,LA,0.0026246719160104987,1,B-negative
530,LLENA,3.4441191665231616e-05,1,O
531,LO,0.00030997072498708454,9,O
532,LOS,3.4441191665231616e-05,1,O
533,La,0.0050972963664542795,148,O
534,Lalanne,6.888238333046323e-05,2,O
535,Lamentablemente,3.4441191665231616e-05,1,O
536,Lamento,3.4441191665231616e-05,1,O
537,Langostinos,3.4441191665231616e-05,1,O
538,Las,0.0006199414499741691,18,O
539,Le,0.00013776476666092647,4,O
540,Les,3.4441191665231616e-05,1,O
541,Lidl,3.4441191665231616e-05,1,O
542,Lillas,6.888238333046323e-05,2,O
543,Limon,0.0008620689655172414,1,B-positive
544,Limpiaron,3.4441191665231616e-05,1,O
545,LimpioA,3.4441191665231616e-05,1,O
546,Llamados,3.4441191665231616e-05,1,O
547,Llegaba,3.4441191665231616e-05,1,O
548,Llegamos,6.888238333046323e-05,2,O
549,Lluvia,3.4441191665231616e-05,1,O
550,Lo,0.0031847133757961785,1,I-positive
551,Local,0.0034482758620689655,4,B-positive
552,Locos,3.4441191665231616e-05,1,O
553,Los,0.0031847133757961785,1,I-positive
554,Lucrecia,3.4441191665231616e-05,1,O
555,Luego,3.4441191665231616e-05,1,O
556,Lugar,0.0008620689655172414,1,B-positive
557,Luis,3.4441191665231616e-05,1,O
558,Lástima,3.4441191665231616e-05,1,O
559,López,3.4441191665231616e-05,1,O
560,MARAVILLA,3.4441191665231616e-05,1,O
561,MAS,3.4441191665231616e-05,1,O
562,MI,3.4441191665231616e-05,1,O
563,MULTIVITAMÍNICO,3.4441191665231616e-05,1,O
564,MUY,6.888238333046323e-05,2,O
565,Madrazo.Estoy,3.4441191665231616e-05,1,O
566,Madre,3.4441191665231616e-05,1,O
567,Madrid,6.888238333046323e-05,2,O
568,Magnífica,6.888238333046323e-05,2,O
569,Mal,0.0031847133757961785,1,I-positive
570,Mala,3.4441191665231616e-05,1,O
571,Manolo,3.4441191665231616e-05,1,O
572,Marta,3.4441191665231616e-05,1,O
573,Martín,3.4441191665231616e-05,1,O
574,María,6.888238333046323e-05,2,O
575,Matilde,0.00010332357499569486,3,O
576,Maur,3.4441191665231616e-05,1,O
577,Mayúsculas,6.888238333046323e-05,2,O
578,Me,0.0006888238333046323,20,O
579,Mejor,3.4441191665231616e-05,1,O
580,Mejores,3.4441191665231616e-05,1,O
581,Membrillo,0.0031847133757961785,1,I-positive
582,Menos,3.4441191665231616e-05,1,O
583,Mentira,3.4441191665231616e-05,1,O
584,Menú,0.0008620689655172414,1,B-positive
585,Merece,6.888238333046323e-05,2,O
586,Mesas,0.0026246719160104987,1,B-negative
587,Mi,0.00044773549164801103,13,O
588,Michelin,0.00017220595832615808,5,O
589,Michelín,6.888238333046323e-05,2,O
590,Miguel,3.4441191665231616e-05,1,O
591,Minicuit,0.0008620689655172414,1,B-positive
592,Mire,3.4441191665231616e-05,1,O
593,Misericordia,3.4441191665231616e-05,1,O
594,Monasterio,6.888238333046323e-05,2,O
595,Mucha,6.888238333046323e-05,2,O
596,Muchas,6.888238333046323e-05,2,O
597,Muchos,3.4441191665231616e-05,1,O
598,Muelle,3.4441191665231616e-05,1,O
599,Muntaner,6.888238333046323e-05,2,O
600,Muy,0.002169795074909592,63,O
601,Más,3.4441191665231616e-05,1,O
602,NI,3.4441191665231616e-05,1,O
603,NO,0.00024108834165662132,7,O
604,Nacho,3.4441191665231616e-05,1,O
605,Nada,0.00017220595832615808,5,O
606,Navarra,3.4441191665231616e-05,1,O
607,Navidad,0.00013776476666092647,4,O
608,Necesitan,3.4441191665231616e-05,1,O
609,Nefastos,3.4441191665231616e-05,1,O
610,Ni,3.4441191665231616e-05,1,O
611,Ninguna,0.00010332357499569486,3,O
612,Ningún,3.4441191665231616e-05,1,O
613,No,0.0031847133757961785,1,I-positive
614,Normalito,3.4441191665231616e-05,1,O
615,Nos,0.0008265885999655589,24,O
616,Nosotros,0.00013776476666092647,4,O
617,Notaba,3.4441191665231616e-05,1,O
618,Notable,3.4441191665231616e-05,1,O
619,Novodabo,3.4441191665231616e-05,1,O
620,Nuestra,3.4441191665231616e-05,1,O
621,Nunca,0.00010332357499569486,3,O
622,O,0.00010332357499569486,3,O
623,OS,6.888238333046323e-05,2,O
624,Obviamente,3.4441191665231616e-05,1,O
625,Ofrecen,3.4441191665231616e-05,1,O
626,Ole,3.4441191665231616e-05,1,O
627,Olive,0.005847953216374269,1,I-negative
628,Olivé,3.4441191665231616e-05,1,O
629,Onsera,0.00017220595832615808,5,O
630,Orús,0.0031847133757961785,1,I-positive
631,Otro,6.888238333046323e-05,2,O
632,P,6.888238333046323e-05,2,O
633,PALABRAS,3.4441191665231616e-05,1,O
634,PARECE,3.4441191665231616e-05,1,O
635,PD,3.4441191665231616e-05,1,O
636,PEDIMOS,3.4441191665231616e-05,1,O
637,PEOR,3.4441191665231616e-05,1,O
638,PERFECCIÓN,3.4441191665231616e-05,1,O
639,POCAS,3.4441191665231616e-05,1,O
640,PODÉIS,3.4441191665231616e-05,1,O
641,PX,3.4441191665231616e-05,1,O
642,Paella,0.0026246719160104987,1,B-negative
643,Pagamos,6.888238333046323e-05,2,O
644,Pago,3.4441191665231616e-05,1,O
645,Palafox,3.4441191665231616e-05,1,O
646,Pan,0.0026246719160104987,1,B-negative
647,Para,0.0031847133757961785,1,I-positive
648,Paracuellos,0.00010332357499569486,3,O
649,Parecía,6.888238333046323e-05,2,O
650,Parecían,3.4441191665231616e-05,1,O
651,Pareja,6.888238333046323e-05,2,O
652,Pasable,3.4441191665231616e-05,1,O
653,Pasamos,3.4441191665231616e-05,1,O
654,Pasta,3.4441191665231616e-05,1,O
655,Pastia,6.888238333046323e-05,2,O
656,Pedimos,0.00044773549164801103,13,O
657,Pedir,3.4441191665231616e-05,1,O
658,Pedro,0.0031847133757961785,1,I-positive
659,Pelentos,3.4441191665231616e-05,1,O
660,Pelentós,6.888238333046323e-05,2,O
661,Pensabamos,3.4441191665231616e-05,1,O
662,Pensamos,6.888238333046323e-05,2,O
663,Perfectamente,3.4441191665231616e-05,1,O
664,Perfecto,0.00013776476666092647,4,O
665,Pero,0.0004132942999827794,12,O
666,Personal,0.0008620689655172414,1,B-positive
667,Personalmente,3.4441191665231616e-05,1,O
668,Pesadilla,3.4441191665231616e-05,1,O
669,Pescado,0.0008620689655172414,1,B-positive
670,Pescador,3.4441191665231616e-05,1,O
671,Pescados,0.0008620689655172414,1,B-positive
672,Pesquera,3.4441191665231616e-05,1,O
673,Pica,0.0008620689655172414,1,B-positive
674,Pido,3.4441191665231616e-05,1,O
675,Pienso,3.4441191665231616e-05,1,O
676,Pilar,3.4441191665231616e-05,1,O
677,Pirineo,3.4441191665231616e-05,1,O
678,Pl.Urquinaona,3.4441191665231616e-05,1,O
679,Plata,6.888238333046323e-05,2,O
680,Plato,0.0026246719160104987,1,B-negative
681,Platos,0.0026246719160104987,1,B-negative
682,Poca,3.4441191665231616e-05,1,O
683,Pocas,3.4441191665231616e-05,1,O
684,Poco,3.4441191665231616e-05,1,O
685,Podría,3.4441191665231616e-05,1,O
686,Poliorama,3.4441191665231616e-05,1,O
687,Poma,0.0031847133757961785,1,I-positive
688,Por,0.0010332357499569485,30,O
689,Porque,3.4441191665231616e-05,1,O
690,Posesas,0.0031847133757961785,1,I-positive
691,Poseso,3.4441191665231616e-05,1,O
692,Posiblemente,3.4441191665231616e-05,1,O
693,Postre,0.0026246719160104987,1,B-negative
694,Precio,0.0031847133757961785,1,I-positive
695,Precios,3.4441191665231616e-05,1,O
696,Precisamente,3.4441191665231616e-05,1,O
697,Prefiero,6.888238333046323e-05,2,O
698,Preparación,3.4441191665231616e-05,1,O
699,Preparamos,3.4441191665231616e-05,1,O
700,Preparativos,3.4441191665231616e-05,1,O
701,Presa,3.4441191665231616e-05,1,O
702,Primer,0.0026246719160104987,1,B-negative
703,Primeros,3.4441191665231616e-05,1,O
704,Privacidad,0.0026246719160104987,1,B-negative
705,Probamos,6.888238333046323e-05,2,O
706,Probar,3.4441191665231616e-05,1,O
707,Profesional,3.4441191665231616e-05,1,O
708,Prometimos,3.4441191665231616e-05,1,O
709,Pto.Sta,3.4441191665231616e-05,1,O
710,Puedo,6.888238333046323e-05,2,O
711,Puerto,6.888238333046323e-05,2,O
712,Pues,0.0002066471499913897,6,O
713,PuntoA,3.4441191665231616e-05,1,O
714,Pusieron,3.4441191665231616e-05,1,O
715,Px,3.4441191665231616e-05,1,O
716,Q-Art,3.4441191665231616e-05,1,O
717,QUE,3.4441191665231616e-05,1,O
718,Que,0.0031847133757961785,1,I-positive
719,Quería,3.4441191665231616e-05,1,O
720,Queso,0.0008620689655172414,1,B-positive
721,Quiero,6.888238333046323e-05,2,O
722,Quizá,3.4441191665231616e-05,1,O
723,Quizás,3.4441191665231616e-05,1,O
724,Qué,0.00013776476666092647,4,O
725,REALIDAD,3.4441191665231616e-05,1,O
726,RECOMENDABLE,3.4441191665231616e-05,1,O
727,RECOMENDARÉ,3.4441191665231616e-05,1,O
728,RECOMIENDO,0.00013776476666092647,4,O
729,Raciones,0.002586206896551724,3,B-positive
730,Raimat,3.4441191665231616e-05,1,O
731,Ramblas,3.4441191665231616e-05,1,O
732,Ramon,3.4441191665231616e-05,1,O
733,Ramón,0.0031847133757961785,1,I-positive
734,Rapidez,0.0017241379310344827,2,B-positive
735,Rapido,3.4441191665231616e-05,1,O
736,Real,6.888238333046323e-05,2,O
737,Realmente,0.00017220595832615808,5,O
738,Recepcionistas,0.0008620689655172414,1,B-positive
739,Recomendable,0.00027552953332185293,8,O
740,Recomendadisimo,3.4441191665231616e-05,1,O
741,Recomiendo,0.00017220595832615808,5,O
742,Recordamos,3.4441191665231616e-05,1,O
743,Recuerdo,3.4441191665231616e-05,1,O
744,Reinante,3.4441191665231616e-05,1,O
745,Relación,6.888238333046323e-05,2,O
746,Repetiremos,0.00030997072498708454,9,O
747,Repetiré,0.00010332357499569486,3,O
748,Repetiría,3.4441191665231616e-05,1,O
749,Repito,3.4441191665231616e-05,1,O
750,Repsol,3.4441191665231616e-05,1,O
751,Reserva,0.00010332357499569486,3,O
752,Reservas,3.4441191665231616e-05,1,O
753,Reserve,3.4441191665231616e-05,1,O
754,Reservé,3.4441191665231616e-05,1,O
755,Respecto,0.00017220595832615808,5,O
756,Restaurante,0.041666666666666664,3,B-neutral
757,Restaurantes,6.888238333046323e-05,2,O
758,Restaurente,0.0008620689655172414,1,B-positive
759,Resumen,3.4441191665231616e-05,1,O
760,Reyes,3.4441191665231616e-05,1,O
761,Rioja,0.023255813953488372,1,I-neutral
762,Riojas,3.4441191665231616e-05,1,O
763,Risotto,0.0026246719160104987,1,B-negative
764,Roca,3.4441191665231616e-05,1,O
765,Rodaballo,6.888238333046323e-05,2,O
766,Rosello,3.4441191665231616e-05,1,O
767,Rossello,3.4441191665231616e-05,1,O
768,Rte,3.4441191665231616e-05,1,O
769,Rubira,3.4441191665231616e-05,1,O
770,Rápida,3.4441191665231616e-05,1,O
771,S,6.888238333046323e-05,2,O
772,SE,3.4441191665231616e-05,1,O
773,SEBASTIAN,3.4441191665231616e-05,1,O
774,SERVICIO,3.4441191665231616e-05,1,O
775,SERVIDO,3.4441191665231616e-05,1,O
776,SI,3.4441191665231616e-05,1,O
777,SIN,6.888238333046323e-05,2,O
778,SIn,3.4441191665231616e-05,1,O
779,SOMOS,3.4441191665231616e-05,1,O
780,SORPRENDENTE,3.4441191665231616e-05,1,O
781,Sabado,3.4441191665231616e-05,1,O
782,Sala,0.0031847133757961785,1,I-positive
783,Salamanca,3.4441191665231616e-05,1,O
784,Salceda,3.4441191665231616e-05,1,O
785,Sali,3.4441191665231616e-05,1,O
786,Salieron,3.4441191665231616e-05,1,O
787,Salimos,3.4441191665231616e-05,1,O
788,Salio,3.4441191665231616e-05,1,O
789,Saludos,0.00024108834165662132,7,O
790,San,0.00010332357499569486,3,O
791,Sandiniés,6.888238333046323e-05,2,O
792,Sanlucar,3.4441191665231616e-05,1,O
793,Santa,3.4441191665231616e-05,1,O
794,Scala,0.005847953216374269,1,I-negative
795,Se,0.00030997072498708454,9,O
796,Seguid,3.4441191665231616e-05,1,O
797,Seguidamente,3.4441191665231616e-05,1,O
798,Seguimos,6.888238333046323e-05,2,O
799,Seguiremos,3.4441191665231616e-05,1,O
800,Segunda,3.4441191665231616e-05,1,O
801,Segundo,6.888238333046323e-05,2,O
802,Seguramente,3.4441191665231616e-05,1,O
803,Seguro,6.888238333046323e-05,2,O
804,Seleccioné,3.4441191665231616e-05,1,O
805,Sencillamente,3.4441191665231616e-05,1,O
806,Seria,3.4441191665231616e-05,1,O
807,Servian,3.4441191665231616e-05,1,O
808,Servicio,0.041666666666666664,3,B-neutral
809,Servico,0.0008620689655172414,1,B-positive
810,Sevicio,0.0026246719160104987,1,B-negative
811,Señor,3.4441191665231616e-05,1,O
812,Señores,3.4441191665231616e-05,1,O
813,Señorito,0.005847953216374269,1,I-negative
814,Si,0.0008265885999655589,24,O
815,Siempre,0.00017220595832615808,5,O
816,Siento,3.4441191665231616e-05,1,O
817,Sigan,3.4441191665231616e-05,1,O
818,Sin,0.00013776476666092647,4,O
819,Sinceramente,0.00017220595832615808,5,O
820,Sitio,0.0034482758620689655,4,B-positive
821,Sobre,0.00010332357499569486,3,O
822,Sobresaliente,6.888238333046323e-05,2,O
823,Sois,3.4441191665231616e-05,1,O
824,Solamente,3.4441191665231616e-05,1,O
825,Solicité,3.4441191665231616e-05,1,O
826,Solo,0.00027552953332185293,8,O
827,Solomillo,3.4441191665231616e-05,1,O
828,Somos,3.4441191665231616e-05,1,O
829,Sorprende,3.4441191665231616e-05,1,O
830,Soy,3.4441191665231616e-05,1,O
831,Sr,0.00017220595832615808,5,O
832,Su,0.00010332357499569486,3,O
833,Sugerencias,0.0008620689655172414,1,B-positive
834,Supero,3.4441191665231616e-05,1,O
835,Supongo,6.888238333046323e-05,2,O
836,Sábado,0.00010332357499569486,3,O
837,Sí,0.00013776476666092647,4,O
838,Sólo,0.00010332357499569486,3,O
839,TAPUJOS,3.4441191665231616e-05,1,O
840,TIBURÓN,3.4441191665231616e-05,1,O
841,TODO,3.4441191665231616e-05,1,O
842,TODOS,3.4441191665231616e-05,1,O
843,TROCITO,3.4441191665231616e-05,1,O
844,Tacita,3.4441191665231616e-05,1,O
845,Tal,0.00010332357499569486,3,O
846,También,6.888238333046323e-05,2,O
847,Tampoco,6.888238333046323e-05,2,O
848,Tanto,0.00024108834165662132,7,O
849,Tapas,0.0008620689655172414,1,B-positive
850,Tardaron,3.4441191665231616e-05,1,O
851,Tartar,3.4441191665231616e-05,1,O
852,Te,0.0002066471499913897,6,O
853,Tempo,0.0008620689655172414,1,B-positive
854,Tengo,3.4441191665231616e-05,1,O
855,Teniendo,3.4441191665231616e-05,1,O
856,Terminamos,3.4441191665231616e-05,1,O
857,Ternasco,0.0008620689655172414,1,B-positive
858,Tetilla,0.0031847133757961785,1,I-positive
859,Tienen,6.888238333046323e-05,2,O
860,Tipico,3.4441191665231616e-05,1,O
861,Tiramisú,0.0008620689655172414,1,B-positive
862,Tocino,0.0008620689655172414,1,B-positive
863,Toda,0.00013776476666092647,4,O
864,Todas,3.4441191665231616e-05,1,O
865,Todo,0.0009987945582917168,29,O
866,Todos,3.4441191665231616e-05,1,O
867,Tomamos,6.888238333046323e-05,2,O
868,Tomate,0.0008620689655172414,1,B-positive
869,Tomo,3.4441191665231616e-05,1,O
870,Tonic,3.4441191665231616e-05,1,O
871,Torres,3.4441191665231616e-05,1,O
872,Tortillitas,0.0008620689655172414,1,B-positive
873,Tortitas,0.0026246719160104987,1,B-negative
874,Total,6.888238333046323e-05,2,O
875,Totalmente,0.00013776476666092647,4,O
876,Tras,3.4441191665231616e-05,1,O
877,Trato,0.013888888888888888,1,B-neutral
878,Tres,3.4441191665231616e-05,1,O
879,Tuve,3.4441191665231616e-05,1,O
880,Tuvimos,6.888238333046323e-05,2,O
881,UN,6.888238333046323e-05,2,O
882,UNA,6.888238333046323e-05,2,O
883,UNICO,6.888238333046323e-05,2,O
884,Ubicación,3.4441191665231616e-05,1,O
885,Ud,3.4441191665231616e-05,1,O
886,Ultimamente,3.4441191665231616e-05,1,O
887,Un,0.0019287067332529706,56,O
888,Una,0.0006888238333046323,20,O
889,Universitas,3.4441191665231616e-05,1,O
890,Unos,6.888238333046323e-05,2,O
891,UntandoDe,3.4441191665231616e-05,1,O
892,Ustedes,3.4441191665231616e-05,1,O
893,Utebo,3.4441191665231616e-05,1,O
894,Uy,3.4441191665231616e-05,1,O
895,VALORAR,3.4441191665231616e-05,1,O
896,VERGÜENZA,3.4441191665231616e-05,1,O
897,VOLVERÉ,3.4441191665231616e-05,1,O
898,VUELVO,3.4441191665231616e-05,1,O
899,Vacío,3.4441191665231616e-05,1,O
900,Valentín,3.4441191665231616e-05,1,O
901,Vamos,6.888238333046323e-05,2,O
902,Variedad,6.888238333046323e-05,2,O
903,Vas,3.4441191665231616e-05,1,O
904,Vaya,3.4441191665231616e-05,1,O
905,Velada,3.4441191665231616e-05,1,O
906,Venga,3.4441191665231616e-05,1,O
907,Veraton,3.4441191665231616e-05,1,O
908,Vero,6.888238333046323e-05,2,O
909,Veruela,3.4441191665231616e-05,1,O
910,Vez,3.4441191665231616e-05,1,O
911,Via,3.4441191665231616e-05,1,O
912,Vino,0.00010332357499569486,3,O
913,Visité,3.4441191665231616e-05,1,O
914,Viña,3.4441191665231616e-05,1,O
915,Viñas,6.888238333046323e-05,2,O
916,Volveremos,0.00048217668331324264,14,O
917,Volveré,0.00010332357499569486,3,O
918,Vos,3.4441191665231616e-05,1,O
919,Vuelta,3.4441191665231616e-05,1,O
920,WC,0.0008620689655172414,1,B-positive
921,WEB,3.4441191665231616e-05,1,O
922,Web,6.888238333046323e-05,2,O
923,Wok,0.0008620689655172414,1,B-positive
924,Ximenez,0.0031847133757961785,1,I-positive
925,Y,0.0012398828999483382,36,O
926,Ya,0.00024108834165662132,7,O
927,Yo,0.0005510590666437059,16,O
928,ZARAGOZA,3.4441191665231616e-05,1,O
929,Zaragoza,0.0007921474083003272,23,O
930,Zona,3.4441191665231616e-05,1,O
931,Zumo,0.0026246719160104987,1,B-negative
932,[,0.00010332357499569486,3,O
933,],0.00010332357499569486,3,O
934,a,0.046511627906976744,2,I-neutral
935,abajo,6.888238333046323e-05,2,O
936,abalanzaban,3.4441191665231616e-05,1,O
937,abierto,6.888238333046323e-05,2,O
938,abiertos,3.4441191665231616e-05,1,O
939,abren,3.4441191665231616e-05,1,O
940,abril,3.4441191665231616e-05,1,O
941,absolutamente,3.4441191665231616e-05,1,O
942,abudantes,3.4441191665231616e-05,1,O
943,abundancia,3.4441191665231616e-05,1,O
944,abundante,0.00044773549164801103,13,O
945,abundantes,0.00010332357499569486,3,O
946,acaba,3.4441191665231616e-05,1,O
947,acabado,3.4441191665231616e-05,1,O
948,acabamos,3.4441191665231616e-05,1,O
949,acabar,0.00010332357499569486,3,O
950,acabaron,3.4441191665231616e-05,1,O
951,acabarse,3.4441191665231616e-05,1,O
952,acabe,3.4441191665231616e-05,1,O
953,acceptable,3.4441191665231616e-05,1,O
954,accesos,3.4441191665231616e-05,1,O
955,aceite,0.00024108834165662132,7,O
956,aceitito,3.4441191665231616e-05,1,O
957,aceitosos,6.888238333046323e-05,2,O
958,acelerados,3.4441191665231616e-05,1,O
959,acepción,3.4441191665231616e-05,1,O
960,aceptable,0.00027552953332185293,8,O
961,aceptables,3.4441191665231616e-05,1,O
962,acercamos,3.4441191665231616e-05,1,O
963,acerque,3.4441191665231616e-05,1,O
964,acertada.felicidades,3.4441191665231616e-05,1,O
965,acertadas,3.4441191665231616e-05,1,O
966,acertadisimas,3.4441191665231616e-05,1,O
967,acertado,0.00010332357499569486,3,O
968,acertados,3.4441191665231616e-05,1,O
969,acerté,3.4441191665231616e-05,1,O
970,aciertas,6.888238333046323e-05,2,O
971,acierto,0.00024108834165662132,7,O
972,aclaraciones,3.4441191665231616e-05,1,O
973,aclaración,3.4441191665231616e-05,1,O
974,aclarar,3.4441191665231616e-05,1,O
975,aco,3.4441191665231616e-05,1,O
976,acogedor,0.0008265885999655589,24,O
977,acogedorLo,3.4441191665231616e-05,1,O
978,acogedora,0.00010332357499569486,3,O
979,acomodarnos,3.4441191665231616e-05,1,O
980,acompaña,3.4441191665231616e-05,1,O
981,acompañaba,3.4441191665231616e-05,1,O
982,acompañado,3.4441191665231616e-05,1,O
983,acompañamiento,6.888238333046323e-05,2,O
984,acompañamos,3.4441191665231616e-05,1,O
985,acompañando,3.4441191665231616e-05,1,O
986,acompañante,0.00010332357499569486,3,O
987,acompañaron,6.888238333046323e-05,2,O
988,acompaño,3.4441191665231616e-05,1,O
989,acondicionado,3.4441191665231616e-05,1,O
990,aconsejable,6.888238333046323e-05,2,O
991,aconsejados,3.4441191665231616e-05,1,O
992,aconsejar,0.00010332357499569486,3,O
993,aconsejaron,3.4441191665231616e-05,1,O
994,aconsejo,3.4441191665231616e-05,1,O
995,acontinuación,3.4441191665231616e-05,1,O
996,acordado,3.4441191665231616e-05,1,O
997,acordaros,3.4441191665231616e-05,1,O
998,acorde,0.00017220595832615808,5,O
999,acristalado,3.4441191665231616e-05,1,O
1000,actitud,3.4441191665231616e-05,1,O
1001,actos,3.4441191665231616e-05,1,O
1002,actuación,0.0008620689655172414,1,B-positive
1003,actualmente,3.4441191665231616e-05,1,O
1004,acudieron,3.4441191665231616e-05,1,O
1005,acuerdo,0.0002066471499913897,6,O
1006,adaptados,3.4441191665231616e-05,1,O
1007,adaptarse,3.4441191665231616e-05,1,O
1008,adecuada,3.4441191665231616e-05,1,O
1009,adecuado,0.00013776476666092647,4,O
1010,adecuados,6.888238333046323e-05,2,O
1011,adelante,3.4441191665231616e-05,1,O
1012,ademas,0.00017220595832615808,5,O
1013,además,0.00030997072498708454,9,O
1014,adición,3.4441191665231616e-05,1,O
1015,adios,3.4441191665231616e-05,1,O
1016,adjetivos,3.4441191665231616e-05,1,O
1017,admiten,3.4441191665231616e-05,1,O
1018,adobo,3.4441191665231616e-05,1,O
1019,advertimos,3.4441191665231616e-05,1,O
1020,advertirnos,3.4441191665231616e-05,1,O
1021,advirtió,3.4441191665231616e-05,1,O
1022,afirmar,3.4441191665231616e-05,1,O
1023,afluencia,6.888238333046323e-05,2,O
1024,afortunadamente,3.4441191665231616e-05,1,O
1025,afán,3.4441191665231616e-05,1,O
1026,agarrado,3.4441191665231616e-05,1,O
1027,agenda,3.4441191665231616e-05,1,O
1028,agobiante,3.4441191665231616e-05,1,O
1029,agobios,3.4441191665231616e-05,1,O
1030,agradable,0.0014120888582744963,41,O
1031,agradableLa,3.4441191665231616e-05,1,O
1032,agradables,3.4441191665231616e-05,1,O
1033,agradar,3.4441191665231616e-05,1,O
1034,agradarme,3.4441191665231616e-05,1,O
1035,agradece,0.00010332357499569486,3,O
1036,agradecen,3.4441191665231616e-05,1,O
1037,agradecerle,3.4441191665231616e-05,1,O
1038,agradeceréis,3.4441191665231616e-05,1,O
1039,agradecería,3.4441191665231616e-05,1,O
1040,agradecida,3.4441191665231616e-05,1,O
1041,agradezco,6.888238333046323e-05,2,O
1042,agrado,3.4441191665231616e-05,1,O
1043,agregaria,3.4441191665231616e-05,1,O
1044,agua,0.007874015748031496,3,B-negative
1045,aguantar,6.888238333046323e-05,2,O
1046,aguas,6.888238333046323e-05,2,O
1047,agusto,3.4441191665231616e-05,1,O
1048,ah,6.888238333046323e-05,2,O
1049,ahi,6.888238333046323e-05,2,O
1050,ahora,0.00027552953332185293,8,O
1051,ahumado,3.4441191665231616e-05,1,O
1052,ahí,0.00010332357499569486,3,O
1053,aire,3.4441191665231616e-05,1,O
1054,aireado,0.023255813953488372,1,I-neutral
1055,ajillo,0.0031847133757961785,1,I-positive
1056,ajo,6.888238333046323e-05,2,O
1057,ajustado,0.00017220595832615808,5,O
1058,ajustados,0.0031847133757961785,1,I-positive
1059,ajustar,3.4441191665231616e-05,1,O
1060,ajustarlos,3.4441191665231616e-05,1,O
1061,ajustaron,3.4441191665231616e-05,1,O
1062,ajusten,3.4441191665231616e-05,1,O
1063,al,0.023255813953488372,1,I-neutral
1064,alargado,3.4441191665231616e-05,1,O
1065,alargarme,3.4441191665231616e-05,1,O
1066,albahaca,3.4441191665231616e-05,1,O
1067,albondigas,0.0026246719160104987,1,B-negative
1068,alcachofas,0.005847953216374269,1,I-negative
1069,alchofas,3.4441191665231616e-05,1,O
1070,alegra,3.4441191665231616e-05,1,O
1071,alegre,3.4441191665231616e-05,1,O
1072,alegro,6.888238333046323e-05,2,O
1073,alejados,3.4441191665231616e-05,1,O
1074,algas,6.888238333046323e-05,2,O
1075,algo,0.001171000516617875,34,O
1076,algodón,3.4441191665231616e-05,1,O
1077,alguien,0.00017220595832615808,5,O
1078,algun,6.888238333046323e-05,2,O
1079,alguna,0.00013776476666092647,4,O
1080,algunas,0.0002066471499913897,6,O
1081,alguno,0.00024108834165662132,7,O
1082,algunos,0.00027552953332185293,8,O
1083,algún,0.0002066471499913897,6,O
1084,aliciente,3.4441191665231616e-05,1,O
1085,alimento,3.4441191665231616e-05,1,O
1086,alimentos,0.0017241379310344827,2,B-positive
1087,alioli,3.4441191665231616e-05,1,O
1088,aliña,3.4441191665231616e-05,1,O
1089,allegados,3.4441191665231616e-05,1,O
1090,alli,0.00013776476666092647,4,O
1091,allá,3.4441191665231616e-05,1,O
1092,allí,0.00037885310831754776,11,O
1093,almacen,3.4441191665231616e-05,1,O
1094,almejas,0.005847953216374269,1,I-negative
1095,almendras,6.888238333046323e-05,2,O
1096,almuerzo,3.4441191665231616e-05,1,O
1097,alquel,3.4441191665231616e-05,1,O
1098,alrededor,0.00010332357499569486,3,O
1099,alta,0.0002066471499913897,6,O
1100,altavoces,3.4441191665231616e-05,1,O
1101,alterados,3.4441191665231616e-05,1,O
1102,alterar,3.4441191665231616e-05,1,O
1103,alto,0.00027552953332185293,8,O
1104,altos,0.00010332357499569486,3,O
1105,altura,0.00037885310831754776,11,O
1106,alucinar,3.4441191665231616e-05,1,O
1107,alusion,3.4441191665231616e-05,1,O
1108,amabilidad,0.00010332357499569486,3,O
1109,amable,0.0008954709832960221,26,O
1110,amablemente,3.4441191665231616e-05,1,O
1111,amables,0.0031847133757961785,1,I-positive
1112,amante,6.888238333046323e-05,2,O
1113,amargaros,3.4441191665231616e-05,1,O
1114,ambientacion,3.4441191665231616e-05,1,O
1115,ambientación,0.0008620689655172414,1,B-positive
1116,ambiente,0.05555555555555555,4,B-neutral
1117,ambientillo,3.4441191665231616e-05,1,O
1118,ambos,6.888238333046323e-05,2,O
1119,amenizaron,3.4441191665231616e-05,1,O
1120,americana,3.4441191665231616e-05,1,O
1121,amiga,3.4441191665231616e-05,1,O
1122,amigable,3.4441191665231616e-05,1,O
1123,amigas,0.00010332357499569486,3,O
1124,amigo,0.00010332357499569486,3,O
1125,amigos,0.0007577062166350955,22,O
1126,amistades,3.4441191665231616e-05,1,O
1127,amoniaco,3.4441191665231616e-05,1,O
1128,amontillados,3.4441191665231616e-05,1,O
1129,amor,3.4441191665231616e-05,1,O
1130,amplia,0.00017220595832615808,5,O
1131,amplias,3.4441191665231616e-05,1,O
1132,amplifica,0.005847953216374269,1,I-negative
1133,amplio,0.00010332357499569486,3,O
1134,amplitud,0.0008620689655172414,1,B-positive
1135,ampoco,3.4441191665231616e-05,1,O
1136,analogías,3.4441191665231616e-05,1,O
1137,anchoas,0.005847953216374269,1,I-negative
1138,andaluza,0.005847953216374269,1,I-negative
1139,anecdótico,3.4441191665231616e-05,1,O
1140,anegada,3.4441191665231616e-05,1,O
1141,animado,3.4441191665231616e-05,1,O
1142,animo,3.4441191665231616e-05,1,O
1143,aniversario,0.00010332357499569486,3,O
1144,anoche,3.4441191665231616e-05,1,O
1145,anormalmente,3.4441191665231616e-05,1,O
1146,ante,3.4441191665231616e-05,1,O
1147,antelación,3.4441191665231616e-05,1,O
1148,antemano,3.4441191665231616e-05,1,O
1149,anterior,0.0002066471499913897,6,O
1150,anteriores,0.00010332357499569486,3,O
1151,anterioridad,3.4441191665231616e-05,1,O
1152,antes,0.00048217668331324264,14,O
1153,anticipado,3.4441191665231616e-05,1,O
1154,anticuado,3.4441191665231616e-05,1,O
1155,antología,3.4441191665231616e-05,1,O
1156,anunciaba,3.4441191665231616e-05,1,O
1157,anunciado,6.888238333046323e-05,2,O
1158,anuncian,3.4441191665231616e-05,1,O
1159,apagando,3.4441191665231616e-05,1,O
1160,aparcan,3.4441191665231616e-05,1,O
1161,aparcó,3.4441191665231616e-05,1,O
1162,aparece,6.888238333046323e-05,2,O
1163,aparecen,6.888238333046323e-05,2,O
1164,aparecia,3.4441191665231616e-05,1,O
1165,aparecido,3.4441191665231616e-05,1,O
1166,aparecían,3.4441191665231616e-05,1,O
1167,apariencia,0.0026246719160104987,1,B-negative
1168,apartadita,3.4441191665231616e-05,1,O
1169,apartado,0.00017220595832615808,5,O
1170,apellidos,6.888238333046323e-05,2,O
1171,apenas,3.4441191665231616e-05,1,O
1172,aperitivo,0.0017241379310344827,2,B-positive
1173,aperitivos,3.4441191665231616e-05,1,O
1174,apetecibles,6.888238333046323e-05,2,O
1175,apetecía,3.4441191665231616e-05,1,O
1176,apetecñia,3.4441191665231616e-05,1,O
1177,aplemazado,3.4441191665231616e-05,1,O
1178,aplicacion,3.4441191665231616e-05,1,O
1179,aplicado,3.4441191665231616e-05,1,O
1180,aplicados,3.4441191665231616e-05,1,O
1181,aplicarle,3.4441191665231616e-05,1,O
1182,aplicaron,6.888238333046323e-05,2,O
1183,aportan,6.888238333046323e-05,2,O
1184,aportar,3.4441191665231616e-05,1,O
1185,apostar,3.4441191665231616e-05,1,O
1186,apoyo,3.4441191665231616e-05,1,O
1187,apreciaciones,3.4441191665231616e-05,1,O
1188,apreciación,6.888238333046323e-05,2,O
1189,aprender,3.4441191665231616e-05,1,O
1190,aprendido,3.4441191665231616e-05,1,O
1191,aprobada,3.4441191665231616e-05,1,O
1192,aprobado,3.4441191665231616e-05,1,O
1193,aprobar,3.4441191665231616e-05,1,O
1194,apropiado,6.888238333046323e-05,2,O
1195,apropiados,3.4441191665231616e-05,1,O
1196,aprovechadas,6.888238333046323e-05,2,O
1197,aproveche,3.4441191665231616e-05,1,O
1198,aproximadamente,6.888238333046323e-05,2,O
1199,apuesta,6.888238333046323e-05,2,O
1200,apuntada,3.4441191665231616e-05,1,O
1201,apuntaron,3.4441191665231616e-05,1,O
1202,apunto,3.4441191665231616e-05,1,O
1203,aqii,3.4441191665231616e-05,1,O
1204,aquel,6.888238333046323e-05,2,O
1205,aquellas,3.4441191665231616e-05,1,O
1206,aqui,0.00010332357499569486,3,O
1207,aquí,0.00017220595832615808,5,O
1208,aragoneses,6.888238333046323e-05,2,O
1209,aragonés,6.888238333046323e-05,2,O
1210,ardo,3.4441191665231616e-05,1,O
1211,arena,3.4441191665231616e-05,1,O
1212,argentina,0.005847953216374269,1,I-negative
1213,argentino,3.4441191665231616e-05,1,O
1214,argentinos,6.888238333046323e-05,2,O
1215,aroma,0.00010332357499569486,3,O
1216,arreglada,3.4441191665231616e-05,1,O
1217,arriba,0.00013776476666092647,4,O
1218,arriesgan,3.4441191665231616e-05,1,O
1219,arroces,0.005172413793103448,6,B-positive
1220,arroz,0.005172413793103448,6,B-positive
1221,arruina,3.4441191665231616e-05,1,O
1222,arte,3.4441191665231616e-05,1,O
1223,artistas,3.4441191665231616e-05,1,O
1224,artoz,3.4441191665231616e-05,1,O
1225,artículo,3.4441191665231616e-05,1,O
1226,artículos,3.4441191665231616e-05,1,O
1227,asado,0.023255813953488372,1,I-neutral
1228,asar,3.4441191665231616e-05,1,O
1229,asegurar,3.4441191665231616e-05,1,O
1230,aseo,3.4441191665231616e-05,1,O
1231,asequible,3.4441191665231616e-05,1,O
1232,asequibles,6.888238333046323e-05,2,O
1233,asi,0.00048217668331324264,14,O
1234,asiatico,3.4441191665231616e-05,1,O
1235,asidua,3.4441191665231616e-05,1,O
1236,asimilado,3.4441191665231616e-05,1,O
1237,aspectos,3.4441191665231616e-05,1,O
1238,aspire,3.4441191665231616e-05,1,O
1239,así,0.001343206474944033,39,O
1240,atencion,0.004310344827586207,5,B-positive
1241,atencionado,3.4441191665231616e-05,1,O
1242,atención,0.025,29,B-positive
1243,atendernos,3.4441191665231616e-05,1,O
1244,atendida,3.4441191665231616e-05,1,O
1245,atendido,6.888238333046323e-05,2,O
1246,atendidos,6.888238333046323e-05,2,O
1247,atendieron,0.0002066471499913897,6,O
1248,atendindo,3.4441191665231616e-05,1,O
1249,atendio,3.4441191665231616e-05,1,O
1250,atendió,3.4441191665231616e-05,1,O
1251,atento,0.0007577062166350955,22,O
1252,atentos,0.0031847133757961785,1,I-positive
1253,atentísimo,3.4441191665231616e-05,1,O
1254,atractiva,3.4441191665231616e-05,1,O
1255,atractivo,6.888238333046323e-05,2,O
1256,atraída,3.4441191665231616e-05,1,O
1257,atrevidos,3.4441191665231616e-05,1,O
1258,atun,0.0031847133757961785,1,I-positive
1259,atún,0.023255813953488372,1,I-neutral
1260,aumento,3.4441191665231616e-05,1,O
1261,aun,0.00024108834165662132,7,O
1262,aunque,0.0011365593249526434,33,O
1263,auqnue,3.4441191665231616e-05,1,O
1264,ausencia,3.4441191665231616e-05,1,O
1265,autentica,3.4441191665231616e-05,1,O
1266,automatica,3.4441191665231616e-05,1,O
1267,automatico,3.4441191665231616e-05,1,O
1268,autor,6.888238333046323e-05,2,O
1269,autores,3.4441191665231616e-05,1,O
1270,auténtica,6.888238333046323e-05,2,O
1271,aversión,3.4441191665231616e-05,1,O
1272,avisado,3.4441191665231616e-05,1,O
1273,avisando,3.4441191665231616e-05,1,O
1274,avisar,3.4441191665231616e-05,1,O
1275,avisaron,3.4441191665231616e-05,1,O
1276,avisé,3.4441191665231616e-05,1,O
1277,ay,6.888238333046323e-05,2,O
1278,ayer,0.00024108834165662132,7,O
1279,ayuda,6.888238333046323e-05,2,O
1280,añadida,3.4441191665231616e-05,1,O
1281,añadido,3.4441191665231616e-05,1,O
1282,añadir,3.4441191665231616e-05,1,O
1283,año,0.00024108834165662132,7,O
1284,años,0.0004132942999827794,12,O
1285,aún,0.00030997072498708454,9,O
1286,bacalao,0.013888888888888888,1,B-neutral
1287,bailar.La,3.4441191665231616e-05,1,O
1288,baja,0.0031847133757961785,1,I-positive
1289,bajado,0.00010332357499569486,3,O
1290,bajados,3.4441191665231616e-05,1,O
1291,bajan,3.4441191665231616e-05,1,O
1292,bajar,0.00010332357499569486,3,O
1293,bajaron,3.4441191665231616e-05,1,O
1294,bajas,6.888238333046323e-05,2,O
1295,bajen,3.4441191665231616e-05,1,O
1296,bajo,0.00010332357499569486,3,O
1297,bal,3.4441191665231616e-05,1,O
1298,balalao,0.0026246719160104987,1,B-negative
1299,balneario,0.0002066471499913897,6,O
1300,bandejas,3.4441191665231616e-05,1,O
1301,banderillas,0.0031847133757961785,1,I-positive
1302,bar,0.00010332357499569486,3,O
1303,barato,0.0002066471499913897,6,O
1304,barbaridad,3.4441191665231616e-05,1,O
1305,barcelona,0.0002066471499913897,6,O
1306,barcelonés,3.4441191665231616e-05,1,O
1307,barra,0.005847953216374269,1,I-negative
1308,barra.Ademas,3.4441191665231616e-05,1,O
1309,barrio,3.4441191665231616e-05,1,O
1310,base,0.0026246719160104987,1,B-negative
1311,basicamente,3.4441191665231616e-05,1,O
1312,bastante,0.005847953216374269,1,I-negative
1313,bastantes,0.00010332357499569486,3,O
1314,bañada,6.888238333046323e-05,2,O
1315,bañandonos,3.4441191665231616e-05,1,O
1316,baños,0.0026246719160104987,1,B-negative
1317,bcn,0.00010332357499569486,3,O
1318,be,3.4441191665231616e-05,1,O
1319,bebe,3.4441191665231616e-05,1,O
1320,bebemos,3.4441191665231616e-05,1,O
1321,beber,0.00017220595832615808,5,O
1322,bebida,0.005249343832020997,2,B-negative
1323,bebidas,0.00013776476666092647,4,O
1324,bello,3.4441191665231616e-05,1,O
1325,beneficiosas,3.4441191665231616e-05,1,O
1326,besugo,0.0026246719160104987,1,B-negative
1327,bien,0.005682796624763217,165,O
1328,bien-muy,3.4441191665231616e-05,1,O
1329,bien.Tanto,3.4441191665231616e-05,1,O
1330,bienestar,3.4441191665231616e-05,1,O
1331,bienmesabe,6.888238333046323e-05,2,O
1332,bigotes,3.4441191665231616e-05,1,O
1333,bién,0.00010332357499569486,3,O
1334,blanca,6.888238333046323e-05,2,O
1335,blancas,6.888238333046323e-05,2,O
1336,blanco,0.011695906432748537,2,I-negative
1337,blando,6.888238333046323e-05,2,O
1338,blog,6.888238333046323e-05,2,O
1339,boca,0.005847953216374269,1,I-negative
1340,bocadillo,3.4441191665231616e-05,1,O
1341,bocatería,3.4441191665231616e-05,1,O
1342,bodega,0.004310344827586207,5,B-positive
1343,bodegas,6.888238333046323e-05,2,O
1344,bogavante,0.023255813953488372,1,I-neutral
1345,bolas,6.888238333046323e-05,2,O
1346,bolognesa,0.005847953216374269,1,I-negative
1347,bolsillo,3.4441191665231616e-05,1,O
1348,bonito,0.005847953216374269,1,I-negative
1349,bono,6.888238333046323e-05,2,O
1350,boqueron,3.4441191665231616e-05,1,O
1351,boquerones,3.4441191665231616e-05,1,O
1352,bordes,3.4441191665231616e-05,1,O
1353,born,6.888238333046323e-05,2,O
1354,borrajas,3.4441191665231616e-05,1,O
1355,bote,6.888238333046323e-05,2,O
1356,botella,0.0026246719160104987,1,B-negative
1357,brandada,3.4441191665231616e-05,1,O
1358,brasa,0.025477707006369428,8,I-positive
1359,brasas,0.0026246719160104987,1,B-negative
1360,braseada,3.4441191665231616e-05,1,O
1361,braseado,0.005847953216374269,1,I-negative
1362,bravas,0.0031847133757961785,1,I-positive
1363,brazos,3.4441191665231616e-05,1,O
1364,breves,3.4441191665231616e-05,1,O
1365,brocheta,0.0026246719160104987,1,B-negative
1366,broma,3.4441191665231616e-05,1,O
1367,brut,3.4441191665231616e-05,1,O
1368,buen,0.0021009126915791285,61,O
1369,buena,0.0046840020664715,136,O
1370,buena.Buena,3.4441191665231616e-05,1,O
1371,buena.Los,3.4441191665231616e-05,1,O
1372,buenas,0.00034441191665231615,10,O
1373,buenisima,0.00013776476666092647,4,O
1374,buenisimo,0.00010332357499569486,3,O
1375,bueno,0.0031847133757961785,1,I-positive
1376,bueno.To,3.4441191665231616e-05,1,O
1377,buenos,0.0008265885999655589,24,O
1378,buenísima,0.00010332357499569486,3,O
1379,buenísimas,3.4441191665231616e-05,1,O
1380,buenísimo,0.00017220595832615808,5,O
1381,buenísimos,3.4441191665231616e-05,1,O
1382,buey,0.006369426751592357,2,I-positive
1383,buffet,3.4441191665231616e-05,1,O
1384,bullicioso,3.4441191665231616e-05,1,O
1385,burbujeante,3.4441191665231616e-05,1,O
1386,bus,3.4441191665231616e-05,1,O
1387,buscar,3.4441191665231616e-05,1,O
1388,busque,3.4441191665231616e-05,1,O
1389,buñuelos,0.0026246719160104987,1,B-negative
1390,básica,3.4441191665231616e-05,1,O
1391,básico,3.4441191665231616e-05,1,O
1392,c,3.4441191665231616e-05,1,O
1393,cAfe,3.4441191665231616e-05,1,O
1394,cabernet,0.0031847133757961785,1,I-positive
1395,cabeza,0.00010332357499569486,3,O
1396,cabezas,3.4441191665231616e-05,1,O
1397,cabezudos,3.4441191665231616e-05,1,O
1398,cabra,0.0008620689655172414,1,B-positive
1399,cabrito,0.0034482758620689655,4,B-positive
1400,cabía,3.4441191665231616e-05,1,O
1401,cachirulos,6.888238333046323e-05,2,O
1402,cada,0.0005166178749784743,15,O
1403,caer,6.888238333046323e-05,2,O
1404,cafe,3.4441191665231616e-05,1,O
1405,cafes,0.0026246719160104987,1,B-negative
1406,café,0.0026246719160104987,1,B-negative
1407,cafés,0.0008620689655172414,1,B-positive
1408,caiga,3.4441191665231616e-05,1,O
1409,caja,3.4441191665231616e-05,1,O
1410,cajera,0.0026246719160104987,1,B-negative
1411,calamares,0.005249343832020997,2,B-negative
1412,caldo,3.4441191665231616e-05,1,O
1413,caldoso,0.009554140127388535,3,I-positive
1414,calentamiento,3.4441191665231616e-05,1,O
1415,calentar,3.4441191665231616e-05,1,O
1416,calentita,3.4441191665231616e-05,1,O
1417,calidad,0.006369426751592357,2,I-positive
1418,calidad-precio,0.0007232650249698639,21,O
1419,calidad-precioLo,3.4441191665231616e-05,1,O
1420,calidad.El,3.4441191665231616e-05,1,O
1421,calidad.La,3.4441191665231616e-05,1,O
1422,calidad.No,3.4441191665231616e-05,1,O
1423,calido,3.4441191665231616e-05,1,O
1424,calienta,6.888238333046323e-05,2,O
1425,calientas,3.4441191665231616e-05,1,O
1426,caliente,0.0031847133757961785,1,I-positive
1427,califación,3.4441191665231616e-05,1,O
1428,calificacion,3.4441191665231616e-05,1,O
1429,calificación,3.4441191665231616e-05,1,O
1430,calificado,3.4441191665231616e-05,1,O
1431,calificar,0.00010332357499569486,3,O
1432,calificaría,3.4441191665231616e-05,1,O
1433,caliu,0.0031847133757961785,1,I-positive
1434,calle,0.00013776476666092647,4,O
1435,callos,0.0008620689655172414,1,B-positive
1436,calor,0.00010332357499569486,3,O
1437,calsot,0.0026246719160104987,1,B-negative
1438,calsotada,6.888238333046323e-05,2,O
1439,calsots,0.0026246719160104987,1,B-negative
1440,calçotada,0.006896551724137931,8,B-positive
1441,calçotades,0.0008620689655172414,1,B-positive
1442,calçots,0.023255813953488372,1,I-neutral
1443,camarera,0.0017241379310344827,2,B-positive
1444,camareras,0.005249343832020997,2,B-negative
1445,camarero,0.013123359580052493,5,B-negative
1446,camareros,0.015748031496062992,6,B-negative
1447,camarones,0.0031847133757961785,1,I-positive
1448,cambiaban,3.4441191665231616e-05,1,O
1449,cambiado,0.00010332357499569486,3,O
1450,cambiamos,3.4441191665231616e-05,1,O
1451,cambiando,3.4441191665231616e-05,1,O
1452,cambiar,3.4441191665231616e-05,1,O
1453,cambiaran,3.4441191665231616e-05,1,O
1454,cambiasen,3.4441191665231616e-05,1,O
1455,cambio,0.00017220595832615808,5,O
1456,campaña,3.4441191665231616e-05,1,O
1457,cancelar,3.4441191665231616e-05,1,O
1458,cancelarla,3.4441191665231616e-05,1,O
1459,canela,6.888238333046323e-05,2,O
1460,canelones,0.0008620689655172414,1,B-positive
1461,cantiadad,3.4441191665231616e-05,1,O
1462,cantidad,0.0012743240916135699,37,O
1463,cantidades,0.005249343832020997,2,B-negative
1464,cantina,3.4441191665231616e-05,1,O
1465,capa,3.4441191665231616e-05,1,O
1466,capacidad,6.888238333046323e-05,2,O
1467,capaz,3.4441191665231616e-05,1,O
1468,capítulo,6.888238333046323e-05,2,O
1469,cara,0.00010332357499569486,3,O
1470,caracoles,3.4441191665231616e-05,1,O
1471,carajillo,3.4441191665231616e-05,1,O
1472,caramelizada,3.4441191665231616e-05,1,O
1473,caramelo,3.4441191665231616e-05,1,O
1474,caramelos,3.4441191665231616e-05,1,O
1475,caras,0.00010332357499569486,3,O
1476,carbonilla,3.4441191665231616e-05,1,O
1477,cargado,3.4441191665231616e-05,1,O
1478,cariño,0.00013776476666092647,4,O
1479,carlos,3.4441191665231616e-05,1,O
1480,carne,0.01837270341207349,7,B-negative
1481,carnes,0.013888888888888888,1,B-neutral
1482,caro,0.0012398828999483382,36,O
1483,caros,6.888238333046323e-05,2,O
1484,carpa,3.4441191665231616e-05,1,O
1485,carpaccio,0.0026246719160104987,1,B-negative
1486,carrera,3.4441191665231616e-05,1,O
1487,carrillera,0.013888888888888888,1,B-neutral
1488,carrito,3.4441191665231616e-05,1,O
1489,carta,0.015748031496062992,6,B-negative
1490,cartel,3.4441191665231616e-05,1,O
1491,carçot,0.0008620689655172414,1,B-positive
1492,carísimo,6.888238333046323e-05,2,O
1493,carísimos,3.4441191665231616e-05,1,O
1494,casa,0.006369426751592357,2,I-positive
1495,casera,6.888238333046323e-05,2,O
1496,casero,6.888238333046323e-05,2,O
1497,caseros,3.4441191665231616e-05,1,O
1498,casi,0.0006888238333046323,20,O
1499,caso,0.0004132942999827794,12,O
1500,casos,0.00010332357499569486,3,O
1501,castellano,3.4441191665231616e-05,1,O
1502,casualidad,3.4441191665231616e-05,1,O
1503,catalan,6.888238333046323e-05,2,O
1504,catalana,0.00013776476666092647,4,O
1505,catalanas,0.0031847133757961785,1,I-positive
1506,catalanes,6.888238333046323e-05,2,O
1507,catalogan,3.4441191665231616e-05,1,O
1508,categorías,3.4441191665231616e-05,1,O
1509,caucho-imposible,3.4441191665231616e-05,1,O
1510,causandome,3.4441191665231616e-05,1,O
1511,cava,0.009554140127388535,3,I-positive
1512,cavas,6.888238333046323e-05,2,O
1513,cayos,0.0008620689655172414,1,B-positive
1514,cayó,3.4441191665231616e-05,1,O
1515,cazon,3.4441191665231616e-05,1,O
1516,cazuela,3.4441191665231616e-05,1,O
1517,cazón,0.0026246719160104987,1,B-negative
1518,cañazo,3.4441191665231616e-05,1,O
1519,cebollino,3.4441191665231616e-05,1,O
1520,celebra,3.4441191665231616e-05,1,O
1521,celebracion,3.4441191665231616e-05,1,O
1522,celebraciones,6.888238333046323e-05,2,O
1523,celebración,6.888238333046323e-05,2,O
1524,celebramos,3.4441191665231616e-05,1,O
1525,celebrando,6.888238333046323e-05,2,O
1526,celebrar,0.00017220595832615808,5,O
1527,cena,0.013888888888888888,1,B-neutral
1528,cena-espectáculo,0.0026246719160104987,1,B-negative
1529,cenado,0.00017220595832615808,5,O
1530,cenamos,0.00030997072498708454,9,O
1531,cenando,0.00034441191665231615,10,O
1532,cenar,0.0009643533666264853,28,O
1533,cenas,0.00013776476666092647,4,O
1534,cene,3.4441191665231616e-05,1,O
1535,centro,0.00030997072498708454,9,O
1536,cené,6.888238333046323e-05,2,O
1537,cepa,3.4441191665231616e-05,1,O
1538,cerca,0.0002066471499913897,6,O
1539,cerezas,0.006369426751592357,2,I-positive
1540,cero,3.4441191665231616e-05,1,O
1541,cerrada,3.4441191665231616e-05,1,O
1542,cerrado,0.0002066471499913897,6,O
1543,cerrados,6.888238333046323e-05,2,O
1544,cerrar,3.4441191665231616e-05,1,O
1545,cerrara,3.4441191665231616e-05,1,O
1546,cerveza,6.888238333046323e-05,2,O
1547,cervezas,3.4441191665231616e-05,1,O
1548,changet,0.0026246719160104987,1,B-negative
1549,chardonay,3.4441191665231616e-05,1,O
1550,chardonnay,3.4441191665231616e-05,1,O
1551,charlar,3.4441191665231616e-05,1,O
1552,chasco,6.888238333046323e-05,2,O
1553,chef,3.4441191665231616e-05,1,O
1554,chicas,3.4441191665231616e-05,1,O
1555,chicos,3.4441191665231616e-05,1,O
1556,chilindron,3.4441191665231616e-05,1,O
1557,chip,0.0031847133757961785,1,I-positive
1558,chipirones,0.013888888888888888,1,B-neutral
1559,chocolate,0.00013776476666092647,4,O
1560,chocos,0.00010332357499569486,3,O
1561,chorizo,0.00010332357499569486,3,O
1562,chorreando,3.4441191665231616e-05,1,O
1563,chuleta,3.4441191665231616e-05,1,O
1564,chuletones,0.013888888888888888,1,B-neutral
1565,chuletón,0.0008620689655172414,1,B-positive
1566,chupito,0.0008620689655172414,1,B-positive
1567,chupitos,6.888238333046323e-05,2,O
1568,ciega,3.4441191665231616e-05,1,O
1569,ciertamente,3.4441191665231616e-05,1,O
1570,cierto,0.0005855002583089375,17,O
1571,cigala,3.4441191665231616e-05,1,O
1572,cigalas,0.0031847133757961785,1,I-positive
1573,cigarro,3.4441191665231616e-05,1,O
1574,cinco,6.888238333046323e-05,2,O
1575,cine,6.888238333046323e-05,2,O
1576,circo,3.4441191665231616e-05,1,O
1577,circuito,0.00017220595832615808,5,O
1578,cita,3.4441191665231616e-05,1,O
1579,citar,3.4441191665231616e-05,1,O
1580,ciudad,0.00017220595832615808,5,O
1581,ciñéndome,3.4441191665231616e-05,1,O
1582,claidad,3.4441191665231616e-05,1,O
1583,clara,3.4441191665231616e-05,1,O
1584,claras,3.4441191665231616e-05,1,O
1585,clarisima,3.4441191665231616e-05,1,O
1586,claro,0.0002066471499913897,6,O
1587,clasifican,3.4441191665231616e-05,1,O
1588,cliente,0.0004132942999827794,12,O
1589,clientela,6.888238333046323e-05,2,O
1590,clientes,0.00048217668331324264,14,O
1591,cloaca,3.4441191665231616e-05,1,O
1592,clásico,3.4441191665231616e-05,1,O
1593,cobardes,3.4441191665231616e-05,1,O
1594,cobra,0.00010332357499569486,3,O
1595,cobrado,0.00010332357499569486,3,O
1596,cobrados,3.4441191665231616e-05,1,O
1597,cobran,0.00010332357499569486,3,O
1598,cobrando,6.888238333046323e-05,2,O
1599,cobrar,0.00010332357499569486,3,O
1600,cobraran,3.4441191665231616e-05,1,O
1601,cobrarlo,3.4441191665231616e-05,1,O
1602,cobrarnos,6.888238333046323e-05,2,O
1603,cobraron,6.888238333046323e-05,2,O
1604,cobren,3.4441191665231616e-05,1,O
1605,cocción,0.006369426751592357,2,I-positive
1606,coche,6.888238333046323e-05,2,O
1607,cocido,3.4441191665231616e-05,1,O
1608,cocina,0.027777777777777776,2,B-neutral
1609,cocina-comedor-servicios,3.4441191665231616e-05,1,O
1610,cocina-sala,0.005847953216374269,1,I-negative
1611,cocina.La,3.4441191665231616e-05,1,O
1612,cocina.el,3.4441191665231616e-05,1,O
1613,cocinada,3.4441191665231616e-05,1,O
1614,cocinado,0.00017220595832615808,5,O
1615,cocinados,6.888238333046323e-05,2,O
1616,cocinar,3.4441191665231616e-05,1,O
1617,cocinero,0.0026246719160104987,1,B-negative
1618,cocineros,3.4441191665231616e-05,1,O
1619,cockteles,0.0008620689655172414,1,B-positive
1620,coco,3.4441191665231616e-05,1,O
1621,codorniz,3.4441191665231616e-05,1,O
1622,coeficiente,3.4441191665231616e-05,1,O
1623,coeficientes,3.4441191665231616e-05,1,O
1624,cogiendo,3.4441191665231616e-05,1,O
1625,cogimos,3.4441191665231616e-05,1,O
1626,cogollo,3.4441191665231616e-05,1,O
1627,cogote,0.013888888888888888,1,B-neutral
1628,cohetes,3.4441191665231616e-05,1,O
1629,coincide,3.4441191665231616e-05,1,O
1630,coincidimos,3.4441191665231616e-05,1,O
1631,coincidir,3.4441191665231616e-05,1,O
1632,coincido,0.00010332357499569486,3,O
1633,cola,0.013888888888888888,1,B-neutral
1634,colaboracion,3.4441191665231616e-05,1,O
1635,colette,3.4441191665231616e-05,1,O
1636,colmenillas,0.005847953216374269,1,I-negative
1637,colmo,6.888238333046323e-05,2,O
1638,colocaron,3.4441191665231616e-05,1,O
1639,color,0.005847953216374269,1,I-negative
1640,coloreada,3.4441191665231616e-05,1,O
1641,colores,3.4441191665231616e-05,1,O
1642,coma,3.4441191665231616e-05,1,O
1643,combinaciones,0.013888888888888888,1,B-neutral
1644,combinación,0.0008620689655172414,1,B-positive
1645,combinado,3.4441191665231616e-05,1,O
1646,combinados,0.0008620689655172414,1,B-positive
1647,come,0.00034441191665231615,10,O
1648,comedor,0.0026246719160104987,1,B-negative
1649,comedora,3.4441191665231616e-05,1,O
1650,comedoras,3.4441191665231616e-05,1,O
1651,comedores,3.4441191665231616e-05,1,O
1652,comelón,3.4441191665231616e-05,1,O
1653,comenillas,3.4441191665231616e-05,1,O
1654,comensal,3.4441191665231616e-05,1,O
1655,comensales,0.00037885310831754776,11,O
1656,comenta,3.4441191665231616e-05,1,O
1657,comentado,3.4441191665231616e-05,1,O
1658,comentan,3.4441191665231616e-05,1,O
1659,comentando,3.4441191665231616e-05,1,O
1660,comentar,0.00010332357499569486,3,O
1661,comentario,0.00034441191665231615,10,O
1662,comentarios,0.00030997072498708454,9,O
1663,comentaron,3.4441191665231616e-05,1,O
1664,comentas,3.4441191665231616e-05,1,O
1665,comente,3.4441191665231616e-05,1,O
1666,comento,6.888238333046323e-05,2,O
1667,comenté,6.888238333046323e-05,2,O
1668,comer,0.005847953216374269,1,I-negative
1669,comernsal,3.4441191665231616e-05,1,O
1670,comería,3.4441191665231616e-05,1,O
1671,comes,6.888238333046323e-05,2,O
1672,comi,3.4441191665231616e-05,1,O
1673,comia,3.4441191665231616e-05,1,O
1674,comida,0.1456896551724138,169,B-positive
1675,comida.El,0.0008620689655172414,1,B-positive
1676,comidas,6.888238333046323e-05,2,O
1677,comido,0.00048217668331324264,14,O
1678,comiendo,0.00034441191665231615,10,O
1679,comienza,3.4441191665231616e-05,1,O
1680,comienzo,6.888238333046323e-05,2,O
1681,comimos,0.00027552953332185293,8,O
1682,cominda,0.0008620689655172414,1,B-positive
1683,comisteis,3.4441191665231616e-05,1,O
1684,como,0.004236266574823489,123,O
1685,comoda,3.4441191665231616e-05,1,O
1686,comodas,6.888238333046323e-05,2,O
1687,comodidad,3.4441191665231616e-05,1,O
1688,comodo,3.4441191665231616e-05,1,O
1689,comodos,3.4441191665231616e-05,1,O
1690,compara,3.4441191665231616e-05,1,O
1691,comparable,6.888238333046323e-05,2,O
1692,comparacion,3.4441191665231616e-05,1,O
1693,comparación,6.888238333046323e-05,2,O
1694,comparada,3.4441191665231616e-05,1,O
1695,comparando,3.4441191665231616e-05,1,O
1696,comparar,3.4441191665231616e-05,1,O
1697,comparte,3.4441191665231616e-05,1,O
1698,compartes,3.4441191665231616e-05,1,O
1699,compartido,3.4441191665231616e-05,1,O
1700,compartidos,3.4441191665231616e-05,1,O
1701,compartimos,3.4441191665231616e-05,1,O
1702,compartir,0.00027552953332185293,8,O
1703,compañeros,6.888238333046323e-05,2,O
1704,compañia,3.4441191665231616e-05,1,O
1705,compensa,3.4441191665231616e-05,1,O
1706,compensado,3.4441191665231616e-05,1,O
1707,competir,3.4441191665231616e-05,1,O
1708,complementos,3.4441191665231616e-05,1,O
1709,completa,6.888238333046323e-05,2,O
1710,completamente,6.888238333046323e-05,2,O
1711,completas,3.4441191665231616e-05,1,O
1712,completo,0.00027552953332185293,8,O
1713,completos,3.4441191665231616e-05,1,O
1714,complicaciones,3.4441191665231616e-05,1,O
1715,complicado,3.4441191665231616e-05,1,O
1716,comportamiento,3.4441191665231616e-05,1,O
1717,comportaros,3.4441191665231616e-05,1,O
1718,comprado,3.4441191665231616e-05,1,O
1719,comprar.Pues,3.4441191665231616e-05,1,O
1720,comprarla,3.4441191665231616e-05,1,O
1721,compre,3.4441191665231616e-05,1,O
1722,comprendí,3.4441191665231616e-05,1,O
1723,compromiso,3.4441191665231616e-05,1,O
1724,compuesto,6.888238333046323e-05,2,O
1725,compulsivos,3.4441191665231616e-05,1,O
1726,comun,3.4441191665231616e-05,1,O
1727,comunicada,3.4441191665231616e-05,1,O
1728,comunicado,3.4441191665231616e-05,1,O
1729,comunicando,3.4441191665231616e-05,1,O
1730,comunicante,3.4441191665231616e-05,1,O
1731,comunicarse,3.4441191665231616e-05,1,O
1732,comí,6.888238333046323e-05,2,O
1733,común,6.888238333046323e-05,2,O
1734,con,0.09302325581395349,4,I-neutral
1735,conato,3.4441191665231616e-05,1,O
1736,concedisen,3.4441191665231616e-05,1,O
1737,conceptos,3.4441191665231616e-05,1,O
1738,concertado,3.4441191665231616e-05,1,O
1739,concisas,3.4441191665231616e-05,1,O
1740,conclusión,3.4441191665231616e-05,1,O
1741,concreto,3.4441191665231616e-05,1,O
1742,concurso,6.888238333046323e-05,2,O
1743,condiciones,3.4441191665231616e-05,1,O
1744,conejo,0.0008620689655172414,1,B-positive
1745,confeccionada,3.4441191665231616e-05,1,O
1746,confianza,3.4441191665231616e-05,1,O
1747,configuración,0.005847953216374269,1,I-negative
1748,confirmacion,3.4441191665231616e-05,1,O
1749,confirmado,3.4441191665231616e-05,1,O
1750,confirmar,6.888238333046323e-05,2,O
1751,confirmen,3.4441191665231616e-05,1,O
1752,confitadas,6.888238333046323e-05,2,O
1753,confort,3.4441191665231616e-05,1,O
1754,confortable,3.4441191665231616e-05,1,O
1755,confundido,6.888238333046323e-05,2,O
1756,confundieron,3.4441191665231616e-05,1,O
1757,congelada,3.4441191665231616e-05,1,O
1758,congelados,3.4441191665231616e-05,1,O
1759,conjunto,0.0031847133757961785,1,I-positive
1760,conocemos,3.4441191665231616e-05,1,O
1761,conocer,0.00010332357499569486,3,O
1762,conocerla,3.4441191665231616e-05,1,O
1763,conocidas,3.4441191665231616e-05,1,O
1764,conocía,3.4441191665231616e-05,1,O
1765,conocíamos,3.4441191665231616e-05,1,O
1766,conozco,0.00010332357499569486,3,O
1767,consecutivo,3.4441191665231616e-05,1,O
1768,conseguido,6.888238333046323e-05,2,O
1769,conseguir,6.888238333046323e-05,2,O
1770,conseguiras,3.4441191665231616e-05,1,O
1771,consejo,6.888238333046323e-05,2,O
1772,consejos,3.4441191665231616e-05,1,O
1773,conservadas,3.4441191665231616e-05,1,O
1774,conservadoras,3.4441191665231616e-05,1,O
1775,conservar,3.4441191665231616e-05,1,O
1776,considerado,3.4441191665231616e-05,1,O
1777,consideran,3.4441191665231616e-05,1,O
1778,considerarse,3.4441191665231616e-05,1,O
1779,consideras,3.4441191665231616e-05,1,O
1780,consideren,3.4441191665231616e-05,1,O
1781,considero,3.4441191665231616e-05,1,O
1782,considerábamos,3.4441191665231616e-05,1,O
1783,consigue,3.4441191665231616e-05,1,O
1784,consiste,3.4441191665231616e-05,1,O
1785,constaba,3.4441191665231616e-05,1,O
1786,constancia,6.888238333046323e-05,2,O
1787,constante,3.4441191665231616e-05,1,O
1788,constar,3.4441191665231616e-05,1,O
1789,constructiva,3.4441191665231616e-05,1,O
1790,constó,3.4441191665231616e-05,1,O
1791,consumidor,3.4441191665231616e-05,1,O
1792,consumo,3.4441191665231616e-05,1,O
1793,contando,6.888238333046323e-05,2,O
1794,contemporánea,3.4441191665231616e-05,1,O
1795,contenia,3.4441191665231616e-05,1,O
1796,contento,3.4441191665231616e-05,1,O
1797,contentos,0.00024108834165662132,7,O
1798,contentísimos,3.4441191665231616e-05,1,O
1799,contestaba,3.4441191665231616e-05,1,O
1800,contestar,3.4441191665231616e-05,1,O
1801,contestarme,3.4441191665231616e-05,1,O
1802,contestaron,3.4441191665231616e-05,1,O
1803,continuación,3.4441191665231616e-05,1,O
1804,continuamente,3.4441191665231616e-05,1,O
1805,continuas,3.4441191665231616e-05,1,O
1806,continué,3.4441191665231616e-05,1,O
1807,contra,6.888238333046323e-05,2,O
1808,contrario,3.4441191665231616e-05,1,O
1809,contratamos,3.4441191665231616e-05,1,O
1810,control,3.4441191665231616e-05,1,O
1811,contácto,3.4441191665231616e-05,1,O
1812,contínuamente,3.4441191665231616e-05,1,O
1813,convencio,3.4441191665231616e-05,1,O
1814,conveniente,3.4441191665231616e-05,1,O
1815,conversaciones,0.00010332357499569486,3,O
1816,conversar,6.888238333046323e-05,2,O
1817,convertido,0.00010332357499569486,3,O
1818,convertirlo,3.4441191665231616e-05,1,O
1819,convierte,3.4441191665231616e-05,1,O
1820,coordinación,3.4441191665231616e-05,1,O
1821,copa,0.00030997072498708454,9,O
1822,copas,0.0026246719160104987,1,B-negative
1823,copita,3.4441191665231616e-05,1,O
1824,coral,0.023255813953488372,1,I-neutral
1825,corazones,0.005847953216374269,1,I-negative
1826,cordero,0.0031847133757961785,1,I-positive
1827,cordial,0.00017220595832615808,5,O
1828,cordiales,3.4441191665231616e-05,1,O
1829,correcta,0.00030997072498708454,9,O
1830,correctamente,0.00010332357499569486,3,O
1831,correctas,3.4441191665231616e-05,1,O
1832,correctita,3.4441191665231616e-05,1,O
1833,correcto,0.0014120888582744963,41,O
1834,correctos,0.00017220595832615808,5,O
1835,correctísimo,3.4441191665231616e-05,1,O
1836,corregir,3.4441191665231616e-05,1,O
1837,corren,6.888238333046323e-05,2,O
1838,corresponde,3.4441191665231616e-05,1,O
1839,correspondido,3.4441191665231616e-05,1,O
1840,corriente,6.888238333046323e-05,2,O
1841,corrio,3.4441191665231616e-05,1,O
1842,corta,3.4441191665231616e-05,1,O
1843,cortada,3.4441191665231616e-05,1,O
1844,corto,3.4441191665231616e-05,1,O
1845,corvina,3.4441191665231616e-05,1,O
1846,cosa,0.00027552953332185293,8,O
1847,cosas,0.00024108834165662132,7,O
1848,cosecha,3.4441191665231616e-05,1,O
1849,cosiderar,3.4441191665231616e-05,1,O
1850,cosmopolita,3.4441191665231616e-05,1,O
1851,cost,3.4441191665231616e-05,1,O
1852,costaban,3.4441191665231616e-05,1,O
1853,costillares,3.4441191665231616e-05,1,O
1854,costó,3.4441191665231616e-05,1,O
1855,cou,3.4441191665231616e-05,1,O
1856,coulante,3.4441191665231616e-05,1,O
1857,coñac,3.4441191665231616e-05,1,O
1858,creativa,3.4441191665231616e-05,1,O
1859,creativas,3.4441191665231616e-05,1,O
1860,creativo,3.4441191665231616e-05,1,O
1861,creceran,3.4441191665231616e-05,1,O
1862,credenciales,3.4441191665231616e-05,1,O
1863,creemos,3.4441191665231616e-05,1,O
1864,creer,6.888238333046323e-05,2,O
1865,creerme,3.4441191665231616e-05,1,O
1866,crees,3.4441191665231616e-05,1,O
1867,creia,3.4441191665231616e-05,1,O
1868,crema,0.005847953216374269,1,I-negative
1869,cremas,0.0008620689655172414,1,B-positive
1870,cremosa,3.4441191665231616e-05,1,O
1871,creo,0.0007577062166350955,22,O
1872,creían,3.4441191665231616e-05,1,O
1873,crianza,3.4441191665231616e-05,1,O
1874,crisis,3.4441191665231616e-05,1,O
1875,cristal,0.005847953216374269,1,I-negative
1876,cristalera,3.4441191665231616e-05,1,O
1877,criterio,6.888238333046323e-05,2,O
1878,criterios,3.4441191665231616e-05,1,O
1879,critica,3.4441191665231616e-05,1,O
1880,criticandonos,3.4441191665231616e-05,1,O
1881,criticas,0.005847953216374269,1,I-negative
1882,criticos,3.4441191665231616e-05,1,O
1883,croqueta,0.0026246719160104987,1,B-negative
1884,croquetas,0.0026246719160104987,1,B-negative
1885,cruda,3.4441191665231616e-05,1,O
1886,crudo,6.888238333046323e-05,2,O
1887,crujiente,3.4441191665231616e-05,1,O
1888,crítica,0.00010332357499569486,3,O
1889,críticas,0.00010332357499569486,3,O
1890,críticos,3.4441191665231616e-05,1,O
1891,crónica,0.00010332357499569486,3,O
1892,crónicas,3.4441191665231616e-05,1,O
1893,cuadraban,3.4441191665231616e-05,1,O
1894,cuadro,3.4441191665231616e-05,1,O
1895,cual,0.0002066471499913897,6,O
1896,cuales,3.4441191665231616e-05,1,O
1897,cualquier,0.0004132942999827794,12,O
1898,cualquiera,3.4441191665231616e-05,1,O
1899,cuando,0.0009643533666264853,28,O
1900,cuantas,6.888238333046323e-05,2,O
1901,cuanto,0.00044773549164801103,13,O
1902,cuantos,3.4441191665231616e-05,1,O
1903,cuarentaitantos,3.4441191665231616e-05,1,O
1904,cuarta,3.4441191665231616e-05,1,O
1905,cuartelero,3.4441191665231616e-05,1,O
1906,cuarto,3.4441191665231616e-05,1,O
1907,cuatro,0.00017220595832615808,5,O
1908,cubiertos,0.00010332357499569486,3,O
1909,cuchara,3.4441191665231616e-05,1,O
1910,cucharita,3.4441191665231616e-05,1,O
1911,cuchichear,3.4441191665231616e-05,1,O
1912,cuchillería,0.0026246719160104987,1,B-negative
1913,cuencos,3.4441191665231616e-05,1,O
1914,cuenquito,3.4441191665231616e-05,1,O
1915,cuenta,0.013888888888888888,1,B-neutral
1916,cuentas,3.4441191665231616e-05,1,O
1917,cuente,3.4441191665231616e-05,1,O
1918,cuento,3.4441191665231616e-05,1,O
1919,cuesta,0.00010332357499569486,3,O
1920,cueste,3.4441191665231616e-05,1,O
1921,cuestión,6.888238333046323e-05,2,O
1922,cuidada,3.4441191665231616e-05,1,O
1923,cuidado,6.888238333046323e-05,2,O
1924,cuidadísimas,3.4441191665231616e-05,1,O
1925,cuidar,3.4441191665231616e-05,1,O
1926,cuidasen,3.4441191665231616e-05,1,O
1927,culinarios,3.4441191665231616e-05,1,O
1928,culpa,6.888238333046323e-05,2,O
1929,cumple,3.4441191665231616e-05,1,O
1930,cumpleaños,0.00017220595832615808,5,O
1931,cumplir,3.4441191665231616e-05,1,O
1932,cupon,3.4441191665231616e-05,1,O
1933,cupones,3.4441191665231616e-05,1,O
1934,cupón,3.4441191665231616e-05,1,O
1935,curiosidad,3.4441191665231616e-05,1,O
1936,cutrez,3.4441191665231616e-05,1,O
1937,cuyo,6.888238333046323e-05,2,O
1938,céntrico,0.00013776476666092647,4,O
1939,cóctel,3.4441191665231616e-05,1,O
1940,cómo,0.00010332357499569486,3,O
1941,cómoda,3.4441191665231616e-05,1,O
1942,cómodo,0.00013776476666092647,4,O
1943,d,0.00013776476666092647,4,O
1944,da,0.00030997072498708454,9,O
1945,daba,3.4441191665231616e-05,1,O
1946,dadas,3.4441191665231616e-05,1,O
1947,dado,0.00024108834165662132,7,O
1948,dan,0.0002066471499913897,6,O
1949,dando,0.00017220595832615808,5,O
1950,dandose,3.4441191665231616e-05,1,O
1951,dar,0.00030997072498708454,9,O
1952,darme,3.4441191665231616e-05,1,O
1953,darnos,3.4441191665231616e-05,1,O
1954,daré,3.4441191665231616e-05,1,O
1955,daría,3.4441191665231616e-05,1,O
1956,darían,3.4441191665231616e-05,1,O
1957,das,0.00010332357499569486,3,O
1958,datos,3.4441191665231616e-05,1,O
1959,daño,3.4441191665231616e-05,1,O
1960,de,0.18152866242038215,57,I-positive
1961,debajo,6.888238333046323e-05,2,O
1962,debe,0.00013776476666092647,4,O
1963,deben,3.4441191665231616e-05,1,O
1964,deberian,3.4441191665231616e-05,1,O
1965,debería,0.0002066471499913897,6,O
1966,deberían,3.4441191665231616e-05,1,O
1967,deberías,3.4441191665231616e-05,1,O
1968,debian,3.4441191665231616e-05,1,O
1969,debido,0.00010332357499569486,3,O
1970,debilidad,3.4441191665231616e-05,1,O
1971,debió,3.4441191665231616e-05,1,O
1972,decencia,3.4441191665231616e-05,1,O
1973,decente,6.888238333046323e-05,2,O
1974,decepcionado,3.4441191665231616e-05,1,O
1975,decepcionados,0.00010332357499569486,3,O
1976,decepcionante,0.00013776476666092647,4,O
1977,decepcionó,6.888238333046323e-05,2,O
1978,decepción,0.00017220595832615808,5,O
1979,decian,3.4441191665231616e-05,1,O
1980,decidimos,0.00013776476666092647,4,O
1981,decidir,6.888238333046323e-05,2,O
1982,decidirse,3.4441191665231616e-05,1,O
1983,decir,0.0006543826416394007,19,O
1984,decirle,3.4441191665231616e-05,1,O
1985,decirselo,3.4441191665231616e-05,1,O
1986,decoracion,0.002586206896551724,3,B-positive
1987,decoración,0.00603448275862069,7,B-positive
1988,decorado,0.0008620689655172414,1,B-positive
1989,decía,0.00010332357499569486,3,O
1990,dedicarse,3.4441191665231616e-05,1,O
1991,dedir,3.4441191665231616e-05,1,O
1992,deducimos,3.4441191665231616e-05,1,O
1993,defecto,3.4441191665231616e-05,1,O
1994,defectos,3.4441191665231616e-05,1,O
1995,defender,0.00010332357499569486,3,O
1996,defenderlo,3.4441191665231616e-05,1,O
1997,defenderse,3.4441191665231616e-05,1,O
1998,definitiva,6.888238333046323e-05,2,O
1999,defrauda,6.888238333046323e-05,2,O
2000,defraudado,0.00013776476666092647,4,O
2001,defraudar,3.4441191665231616e-05,1,O
2002,defraudará,3.4441191665231616e-05,1,O
2003,defraude,3.4441191665231616e-05,1,O
2004,defraudo,3.4441191665231616e-05,1,O
2005,defraudó,3.4441191665231616e-05,1,O
2006,degustacion,0.006369426751592357,2,I-positive
2007,degustación,0.025477707006369428,8,I-positive
2008,degustar,0.00010332357499569486,3,O
2009,deja,0.00024108834165662132,7,O
2010,dejaba,0.00010332357499569486,3,O
2011,dejaban,3.4441191665231616e-05,1,O
2012,dejado,0.00013776476666092647,4,O
2013,dejaies,3.4441191665231616e-05,1,O
2014,dejamos,3.4441191665231616e-05,1,O
2015,dejan,3.4441191665231616e-05,1,O
2016,dejandote,3.4441191665231616e-05,1,O
2017,dejar,0.00010332357499569486,3,O
2018,dejarse,3.4441191665231616e-05,1,O
2019,dejaré,3.4441191665231616e-05,1,O
2020,dejeis,3.4441191665231616e-05,1,O
2021,dejes,3.4441191665231616e-05,1,O
2022,dejo,6.888238333046323e-05,2,O
2023,dejé,3.4441191665231616e-05,1,O
2024,dejéis,3.4441191665231616e-05,1,O
2025,del,0.023391812865497075,4,I-negative
2026,delante,6.888238333046323e-05,2,O
2027,deleciosos,3.4441191665231616e-05,1,O
2028,deleite,3.4441191665231616e-05,1,O
2029,delgadas,3.4441191665231616e-05,1,O
2030,delicadeza,3.4441191665231616e-05,1,O
2031,delicado,3.4441191665231616e-05,1,O
2032,delicias,0.0026246719160104987,1,B-negative
2033,deliciosa,0.0002066471499913897,6,O
2034,deliciosas,3.4441191665231616e-05,1,O
2035,delicioso,0.00010332357499569486,3,O
2036,deliciosos,3.4441191665231616e-05,1,O
2037,demas,0.00024108834165662132,7,O
2038,demasiada,6.888238333046323e-05,2,O
2039,demasiado,0.0006199414499741691,18,O
2040,demuestra,3.4441191665231616e-05,1,O
2041,demás,0.00030997072498708454,9,O
2042,den,3.4441191665231616e-05,1,O
2043,denominacion,3.4441191665231616e-05,1,O
2044,dentro,0.00017220595832615808,5,O
2045,denuncia,3.4441191665231616e-05,1,O
2046,deprisa,0.00010332357499569486,3,O
2047,derecho,0.00010332357499569486,3,O
2048,derivarte,3.4441191665231616e-05,1,O
2049,desaconsejar,3.4441191665231616e-05,1,O
2050,desagradable,3.4441191665231616e-05,1,O
2051,desapercibido,3.4441191665231616e-05,1,O
2052,desapercibidos,3.4441191665231616e-05,1,O
2053,desastre,6.888238333046323e-05,2,O
2054,desastroso,3.4441191665231616e-05,1,O
2055,desayunos,0.0026246719160104987,1,B-negative
2056,descamar,3.4441191665231616e-05,1,O
2057,descanso,3.4441191665231616e-05,1,O
2058,descarada,3.4441191665231616e-05,1,O
2059,descaradisimamente,3.4441191665231616e-05,1,O
2060,descartamos,3.4441191665231616e-05,1,O
2061,descompensada.se,3.4441191665231616e-05,1,O
2062,descongelada,3.4441191665231616e-05,1,O
2063,desconocia,3.4441191665231616e-05,1,O
2064,desconozco,3.4441191665231616e-05,1,O
2065,descontento,3.4441191665231616e-05,1,O
2066,describir,3.4441191665231616e-05,1,O
2067,descripción,0.00013776476666092647,4,O
2068,descubres,3.4441191665231616e-05,1,O
2069,descubrimiento,6.888238333046323e-05,2,O
2070,descubrir,3.4441191665231616e-05,1,O
2071,descubrí,3.4441191665231616e-05,1,O
2072,descuento,0.005847953216374269,1,I-negative
2073,descuentos,3.4441191665231616e-05,1,O
2074,desde,0.0006199414499741691,18,O
2075,deseaba.Lo,3.4441191665231616e-05,1,O
2076,desear,0.00024108834165662132,7,O
2077,desee,3.4441191665231616e-05,1,O
2078,desengaño,3.4441191665231616e-05,1,O
2079,deseo,3.4441191665231616e-05,1,O
2080,deseos,3.4441191665231616e-05,1,O
2081,deseábamos,6.888238333046323e-05,2,O
2082,desgustación,0.0031847133757961785,1,I-positive
2083,deshecho,3.4441191665231616e-05,1,O
2084,deshidratadas,3.4441191665231616e-05,1,O
2085,desilusionante,3.4441191665231616e-05,1,O
2086,despedirnos,3.4441191665231616e-05,1,O
2087,despistados,3.4441191665231616e-05,1,O
2088,despiste,3.4441191665231616e-05,1,O
2089,desplace,3.4441191665231616e-05,1,O
2090,despreciativa,3.4441191665231616e-05,1,O
2091,desprecie,3.4441191665231616e-05,1,O
2092,desprende,3.4441191665231616e-05,1,O
2093,desproporcionado,3.4441191665231616e-05,1,O
2094,despropósito,3.4441191665231616e-05,1,O
2095,despropósitos,3.4441191665231616e-05,1,O
2096,despues,0.00017220595832615808,5,O
2097,después,0.00017220595832615808,5,O
2098,destaca,3.4441191665231616e-05,1,O
2099,destacable,6.888238333046323e-05,2,O
2100,destacando,6.888238333046323e-05,2,O
2101,destacar,6.888238333046323e-05,2,O
2102,destacaria,3.4441191665231616e-05,1,O
2103,destacaría,6.888238333046323e-05,2,O
2104,detalle,0.0008620689655172414,1,B-positive
2105,detalles,0.0031847133757961785,1,I-positive
2106,detallista,3.4441191665231616e-05,1,O
2107,detergente,3.4441191665231616e-05,1,O
2108,devolución,3.4441191665231616e-05,1,O
2109,devuelto,3.4441191665231616e-05,1,O
2110,devuelvo,3.4441191665231616e-05,1,O
2111,di,3.4441191665231616e-05,1,O
2112,dia,0.0031847133757961785,1,I-positive
2113,dia.hemos,3.4441191665231616e-05,1,O
2114,diario,0.0031847133757961785,1,I-positive
2115,dias,0.00017220595832615808,5,O
2116,dice,0.00030997072498708454,9,O
2117,dicen,0.00017220595832615808,5,O
2118,dices,0.00010332357499569486,3,O
2119,dicho,0.00034441191665231615,10,O
2120,diciendo,3.4441191665231616e-05,1,O
2121,diciéndoles,3.4441191665231616e-05,1,O
2122,dieran,3.4441191665231616e-05,1,O
2123,dieron,6.888238333046323e-05,2,O
2124,dieta,3.4441191665231616e-05,1,O
2125,diez,6.888238333046323e-05,2,O
2126,diferencia,6.888238333046323e-05,2,O
2127,diferenciar,3.4441191665231616e-05,1,O
2128,diferente,0.00010332357499569486,3,O
2129,diferentes,6.888238333046323e-05,2,O
2130,dificil,0.0002066471499913897,6,O
2131,dificilmente,3.4441191665231616e-05,1,O
2132,difícil,0.00013776476666092647,4,O
2133,difícilmente,3.4441191665231616e-05,1,O
2134,diga,0.00017220595832615808,5,O
2135,digna,6.888238333046323e-05,2,O
2136,dignidad,3.4441191665231616e-05,1,O
2137,digno,6.888238333046323e-05,2,O
2138,dignos,6.888238333046323e-05,2,O
2139,dignó,3.4441191665231616e-05,1,O
2140,digo,0.00017220595832615808,5,O
2141,dije,0.00010332357499569486,3,O
2142,dijeran,3.4441191665231616e-05,1,O
2143,dijeron,0.00017220595832615808,5,O
2144,dijimos,6.888238333046323e-05,2,O
2145,dijo,0.00010332357499569486,3,O
2146,diligente,6.888238333046323e-05,2,O
2147,diminuto,3.4441191665231616e-05,1,O
2148,dinamismo,3.4441191665231616e-05,1,O
2149,dinero,0.00013776476666092647,4,O
2150,dio,0.00010332357499569486,3,O
2151,dios,3.4441191665231616e-05,1,O
2152,direccion,3.4441191665231616e-05,1,O
2153,dirección,0.0008620689655172414,1,B-positive
2154,directamente,6.888238333046323e-05,2,O
2155,director,3.4441191665231616e-05,1,O
2156,direis,3.4441191665231616e-05,1,O
2157,dirigido,3.4441191665231616e-05,1,O
2158,diré,6.888238333046323e-05,2,O
2159,diría,3.4441191665231616e-05,1,O
2160,discrepo,3.4441191665231616e-05,1,O
2161,discreta,3.4441191665231616e-05,1,O
2162,discretos,3.4441191665231616e-05,1,O
2163,disculpa,3.4441191665231616e-05,1,O
2164,disculpan,3.4441191665231616e-05,1,O
2165,disculparon,3.4441191665231616e-05,1,O
2166,disculpas,3.4441191665231616e-05,1,O
2167,discusiones,0.0026246719160104987,1,B-negative
2168,discuto,3.4441191665231616e-05,1,O
2169,discúlpeme,3.4441191665231616e-05,1,O
2170,diseñado,3.4441191665231616e-05,1,O
2171,diseño,3.4441191665231616e-05,1,O
2172,disfrutamos,3.4441191665231616e-05,1,O
2173,disfrutando,3.4441191665231616e-05,1,O
2174,disfrutar,0.00037885310831754776,11,O
2175,disfruten,3.4441191665231616e-05,1,O
2176,disfrutásteis,3.4441191665231616e-05,1,O
2177,disfruté,3.4441191665231616e-05,1,O
2178,disfutamos,3.4441191665231616e-05,1,O
2179,disgusto,3.4441191665231616e-05,1,O
2180,disimulo,3.4441191665231616e-05,1,O
2181,disponen,3.4441191665231616e-05,1,O
2182,dispongo,3.4441191665231616e-05,1,O
2183,disponibilidad,3.4441191665231616e-05,1,O
2184,disponible,6.888238333046323e-05,2,O
2185,disposición,0.0008620689655172414,1,B-positive
2186,dista,3.4441191665231616e-05,1,O
2187,distan,3.4441191665231616e-05,1,O
2188,distancia,0.00010332357499569486,3,O
2189,distendida,3.4441191665231616e-05,1,O
2190,distingue,3.4441191665231616e-05,1,O
2191,distraidas,3.4441191665231616e-05,1,O
2192,distraido,3.4441191665231616e-05,1,O
2193,distribución,0.0026246719160104987,1,B-negative
2194,distribuidos,3.4441191665231616e-05,1,O
2195,diversas,6.888238333046323e-05,2,O
2196,divertido,0.00010332357499569486,3,O
2197,divina,3.4441191665231616e-05,1,O
2198,divino,6.888238333046323e-05,2,O
2199,dió,3.4441191665231616e-05,1,O
2200,doble,3.4441191665231616e-05,1,O
2201,doce,3.4441191665231616e-05,1,O
2202,docena,3.4441191665231616e-05,1,O
2203,dolo,3.4441191665231616e-05,1,O
2204,dolorasa,3.4441191665231616e-05,1,O
2205,domingo,0.00024108834165662132,7,O
2206,dominio,3.4441191665231616e-05,1,O
2207,don,0.0008620689655172414,1,B-positive
2208,donde,0.0007232650249698639,21,O
2209,donostiarra,3.4441191665231616e-05,1,O
2210,doquier,3.4441191665231616e-05,1,O
2211,dorada,0.0008620689655172414,1,B-positive
2212,doraditos,3.4441191665231616e-05,1,O
2213,dorado,0.005847953216374269,1,I-negative
2214,dormirte,3.4441191665231616e-05,1,O
2215,dormíamos,3.4441191665231616e-05,1,O
2216,dos,0.0016876183915963492,49,O
2217,doy,0.00017220595832615808,5,O
2218,drag,3.4441191665231616e-05,1,O
2219,dto,6.888238333046323e-05,2,O
2220,duda,0.0005855002583089375,17,O
2221,dudar,3.4441191665231616e-05,1,O
2222,dudarlo,0.00010332357499569486,3,O
2223,dueño,0.00010332357499569486,3,O
2224,dulce,0.0008620689655172414,1,B-positive
2225,dulces,0.0026246719160104987,1,B-negative
2226,dura,3.4441191665231616e-05,1,O
2227,durante,0.00017220595832615808,5,O
2228,duras,3.4441191665231616e-05,1,O
2229,día,0.0005855002583089375,17,O
2230,días,6.888238333046323e-05,2,O
2231,díscolos,3.4441191665231616e-05,1,O
2232,dónde,3.4441191665231616e-05,1,O
2233,e,0.00030997072498708454,9,O
2234,e.mail,3.4441191665231616e-05,1,O
2235,eMail,3.4441191665231616e-05,1,O
2236,echa,3.4441191665231616e-05,1,O
2237,echar,0.00010332357499569486,3,O
2238,echas,3.4441191665231616e-05,1,O
2239,echen,3.4441191665231616e-05,1,O
2240,ecológica,3.4441191665231616e-05,1,O
2241,economia,3.4441191665231616e-05,1,O
2242,economico,3.4441191665231616e-05,1,O
2243,económico,6.888238333046323e-05,2,O
2244,ect,3.4441191665231616e-05,1,O
2245,edades,3.4441191665231616e-05,1,O
2246,edor,3.4441191665231616e-05,1,O
2247,educación,0.0026246719160104987,1,B-negative
2248,educado,0.00013776476666092647,4,O
2249,educados,3.4441191665231616e-05,1,O
2250,efectivamente,3.4441191665231616e-05,1,O
2251,efecto,3.4441191665231616e-05,1,O
2252,eficaz,3.4441191665231616e-05,1,O
2253,eficiente,0.00013776476666092647,4,O
2254,egundos,0.0026246719160104987,1,B-negative
2255,ehorabuena,3.4441191665231616e-05,1,O
2256,ejecución,3.4441191665231616e-05,1,O
2257,ejemplo,0.00024108834165662132,7,O
2258,ejercicio,3.4441191665231616e-05,1,O
2259,el,0.023255813953488372,1,I-neutral
2260,elaboracion,3.4441191665231616e-05,1,O
2261,elaboración,0.0026246719160104987,1,B-negative
2262,elaborada,3.4441191665231616e-05,1,O
2263,elaboradas,3.4441191665231616e-05,1,O
2264,elaborados,0.00010332357499569486,3,O
2265,elaborar,6.888238333046323e-05,2,O
2266,elaboraran,3.4441191665231616e-05,1,O
2267,elavorados,3.4441191665231616e-05,1,O
2268,elección,0.00010332357499569486,3,O
2269,elegancia,3.4441191665231616e-05,1,O
2270,elegante,0.00013776476666092647,4,O
2271,elegido,6.888238333046323e-05,2,O
2272,elegimos,0.00010332357499569486,3,O
2273,elegir,0.0004132942999827794,12,O
2274,elejir,3.4441191665231616e-05,1,O
2275,eleva,3.4441191665231616e-05,1,O
2276,elevada,3.4441191665231616e-05,1,O
2277,elevado,0.0002066471499913897,6,O
2278,elevados,3.4441191665231616e-05,1,O
2279,eligido,3.4441191665231616e-05,1,O
2280,eligiendo,3.4441191665231616e-05,1,O
2281,elijes,3.4441191665231616e-05,1,O
2282,ella,3.4441191665231616e-05,1,O
2283,ellas,0.00010332357499569486,3,O
2284,ello,0.00010332357499569486,3,O
2285,ellos,0.0008620689655172414,1,B-positive
2286,elwccion,3.4441191665231616e-05,1,O
2287,embargo,6.888238333046323e-05,2,O
2288,embotellada,3.4441191665231616e-05,1,O
2289,embutidos,3.4441191665231616e-05,1,O
2290,emergencias,3.4441191665231616e-05,1,O
2291,emocionalmente,3.4441191665231616e-05,1,O
2292,empalmamos,3.4441191665231616e-05,1,O
2293,empatizó,3.4441191665231616e-05,1,O
2294,empezado,3.4441191665231616e-05,1,O
2295,empezar,0.00010332357499569486,3,O
2296,empezaron,3.4441191665231616e-05,1,O
2297,empezo,3.4441191665231616e-05,1,O
2298,empiezan,6.888238333046323e-05,2,O
2299,emplatados,3.4441191665231616e-05,1,O
2300,emplatan,3.4441191665231616e-05,1,O
2301,emplatar,6.888238333046323e-05,2,O
2302,emplazamiento,0.0026246719160104987,1,B-negative
2303,empresa,0.00013776476666092647,4,O
2304,en,0.023255813953488372,1,I-neutral
2305,encanta,0.00017220595832615808,5,O
2306,encantadas,3.4441191665231616e-05,1,O
2307,encantado,0.00027552953332185293,8,O
2308,encantador,6.888238333046323e-05,2,O
2309,encantador.Al,3.4441191665231616e-05,1,O
2310,encantados,0.00013776476666092647,4,O
2311,encanto,0.00034441191665231615,10,O
2312,encantó,0.00013776476666092647,4,O
2313,encarado,3.4441191665231616e-05,1,O
2314,encarecidamente,3.4441191665231616e-05,1,O
2315,encarga,3.4441191665231616e-05,1,O
2316,encargado,0.0017241379310344827,2,B-positive
2317,encargar,3.4441191665231616e-05,1,O
2318,encargaré,3.4441191665231616e-05,1,O
2319,encendido,3.4441191665231616e-05,1,O
2320,encima,0.00027552953332185293,8,O
2321,encontarr,3.4441191665231616e-05,1,O
2322,encontraba,3.4441191665231616e-05,1,O
2323,encontramos,6.888238333046323e-05,2,O
2324,encontrar,0.00030997072498708454,9,O
2325,encontrara,3.4441191665231616e-05,1,O
2326,encontrarlo,3.4441191665231616e-05,1,O
2327,encontré,0.00010332357499569486,3,O
2328,encontró,3.4441191665231616e-05,1,O
2329,encuentro,3.4441191665231616e-05,1,O
2330,enemigo,6.888238333046323e-05,2,O
2331,enero,0.00013776476666092647,4,O
2332,enfadado,3.4441191665231616e-05,1,O
2333,enfriado,3.4441191665231616e-05,1,O
2334,enfriase,3.4441191665231616e-05,1,O
2335,engañado,6.888238333046323e-05,2,O
2336,engañaron,3.4441191665231616e-05,1,O
2337,enhorabuena,6.888238333046323e-05,2,O
2338,enofílicamente,3.4441191665231616e-05,1,O
2339,enriquece,3.4441191665231616e-05,1,O
2340,ensalada,0.013888888888888888,1,B-neutral
2341,ensaladas,0.0008620689655172414,1,B-positive
2342,ensalzan,3.4441191665231616e-05,1,O
2343,ensayo,3.4441191665231616e-05,1,O
2344,enseguida,3.4441191665231616e-05,1,O
2345,enseñe,3.4441191665231616e-05,1,O
2346,ensordecedor,3.4441191665231616e-05,1,O
2347,entendemos,3.4441191665231616e-05,1,O
2348,entender,0.00010332357499569486,3,O
2349,entendiamos,3.4441191665231616e-05,1,O
2350,entendido,0.00010332357499569486,3,O
2351,entera,0.023255813953488372,1,I-neutral
2352,enteraba,3.4441191665231616e-05,1,O
2353,entienden,3.4441191665231616e-05,1,O
2354,entiendo,0.0002066471499913897,6,O
2355,entndemos,3.4441191665231616e-05,1,O
2356,entonces,0.00017220595832615808,5,O
2357,entorno,0.0034482758620689655,4,B-positive
2358,entra,3.4441191665231616e-05,1,O
2359,entrada,0.005847953216374269,1,I-negative
2360,entramos,3.4441191665231616e-05,1,O
2361,entrante,0.005847953216374269,1,I-negative
2362,entrantes,0.004310344827586207,5,B-positive
2363,entrar,0.0002066471499913897,6,O
2364,entraña,0.0008620689655172414,1,B-positive
2365,entrañable,3.4441191665231616e-05,1,O
2366,entre,0.0008265885999655589,24,O
2367,entrecot,0.005249343832020997,2,B-negative
2368,entremeses,0.013888888888888888,1,B-neutral
2369,entretanida,3.4441191665231616e-05,1,O
2370,entretenido,3.4441191665231616e-05,1,O
2371,entretenimiento,3.4441191665231616e-05,1,O
2372,entusiasmó,3.4441191665231616e-05,1,O
2373,enuncian,3.4441191665231616e-05,1,O
2374,envase,3.4441191665231616e-05,1,O
2375,envidiable,6.888238333046323e-05,2,O
2376,envoltura,6.888238333046323e-05,2,O
2377,envuelto,3.4441191665231616e-05,1,O
2378,envía,3.4441191665231616e-05,1,O
2379,epseranod,3.4441191665231616e-05,1,O
2380,equilibradas,3.4441191665231616e-05,1,O
2381,equilibrio,3.4441191665231616e-05,1,O
2382,equipo,6.888238333046323e-05,2,O
2383,equitativa,3.4441191665231616e-05,1,O
2384,equivocamos,3.4441191665231616e-05,1,O
2385,era,0.0017909419665920441,52,O
2386,erabamos,3.4441191665231616e-05,1,O
2387,eramos,0.0002066471499913897,6,O
2388,eran,0.00037885310831754776,11,O
2389,eres,0.00017220595832615808,5,O
2390,error,0.00010332357499569486,3,O
2391,errores,0.00013776476666092647,4,O
2392,es,0.010470122266230411,304,O
2393,esa,0.00034441191665231615,10,O
2394,esas,3.4441191665231616e-05,1,O
2395,escabechado,0.0031847133757961785,1,I-positive
2396,escaleras,6.888238333046323e-05,2,O
2397,escalibada,6.888238333046323e-05,2,O
2398,escalibadas,0.0008620689655172414,1,B-positive
2399,escasa,0.00037885310831754776,11,O
2400,escasamente,3.4441191665231616e-05,1,O
2401,escasas,0.00013776476666092647,4,O
2402,escasez,3.4441191665231616e-05,1,O
2403,escasito,3.4441191665231616e-05,1,O
2404,escaso,0.00027552953332185293,8,O
2405,escasos,3.4441191665231616e-05,1,O
2406,escena,3.4441191665231616e-05,1,O
2407,escenario,6.888238333046323e-05,2,O
2408,escoger,3.4441191665231616e-05,1,O
2409,escogida,3.4441191665231616e-05,1,O
2410,escogiendo,3.4441191665231616e-05,1,O
2411,escogimos,6.888238333046323e-05,2,O
2412,escriben,3.4441191665231616e-05,1,O
2413,escribir,3.4441191665231616e-05,1,O
2414,escribí,3.4441191665231616e-05,1,O
2415,escrito,6.888238333046323e-05,2,O
2416,escritos,3.4441191665231616e-05,1,O
2417,escucharnos,3.4441191665231616e-05,1,O
2418,escueto,3.4441191665231616e-05,1,O
2419,ese,0.0005510590666437059,16,O
2420,esfuerzo,0.00010332357499569486,3,O
2421,esmerada,6.888238333046323e-05,2,O
2422,esmerado,3.4441191665231616e-05,1,O
2423,esmero,6.888238333046323e-05,2,O
2424,eso,0.0010332357499569485,30,O
2425,esos,0.00013776476666092647,4,O
2426,espaciaran,3.4441191665231616e-05,1,O
2427,espacio,0.0017241379310344827,2,B-positive
2428,espacios,3.4441191665231616e-05,1,O
2429,espacioso,3.4441191665231616e-05,1,O
2430,espaciosos,3.4441191665231616e-05,1,O
2431,espalda,3.4441191665231616e-05,1,O
2432,espantapajaros,3.4441191665231616e-05,1,O
2433,especial,0.0005166178749784743,15,O
2434,especiales,0.00010332357499569486,3,O
2435,especialidad,6.888238333046323e-05,2,O
2436,especialidades,3.4441191665231616e-05,1,O
2437,especialmente,0.00017220595832615808,5,O
2438,espectacular,0.00024108834165662132,7,O
2439,espectaculares,3.4441191665231616e-05,1,O
2440,espectáculo,0.00024108834165662132,7,O
2441,espera,0.023255813953488372,1,I-neutral
2442,esperaba,0.00010332357499569486,3,O
2443,esperabamos,3.4441191665231616e-05,1,O
2444,esperado,6.888238333046323e-05,2,O
2445,esperais,3.4441191665231616e-05,1,O
2446,esperamos,6.888238333046323e-05,2,O
2447,esperando,3.4441191665231616e-05,1,O
2448,esperar,0.00017220595832615808,5,O
2449,esperas,6.888238333046323e-05,2,O
2450,espero,0.00010332357499569486,3,O
2451,esperábamos,0.00010332357499569486,3,O
2452,espetaculares,3.4441191665231616e-05,1,O
2453,espina,3.4441191665231616e-05,1,O
2454,espinacas,3.4441191665231616e-05,1,O
2455,esplendida,3.4441191665231616e-05,1,O
2456,esposa,3.4441191665231616e-05,1,O
2457,espuma,3.4441191665231616e-05,1,O
2458,esta,0.0014120888582744963,41,O
2459,estaba,0.001343206474944033,39,O
2460,estabamos,6.888238333046323e-05,2,O
2461,estaban,0.00034441191665231615,10,O
2462,estable,3.4441191665231616e-05,1,O
2463,establecimiento,3.4441191665231616e-05,1,O
2464,establecimientos,3.4441191665231616e-05,1,O
2465,estado,0.0006543826416394007,19,O
2466,estafa,3.4441191665231616e-05,1,O
2467,estafada.En,3.4441191665231616e-05,1,O
2468,estafar,3.4441191665231616e-05,1,O
2469,estamos,3.4441191665231616e-05,1,O
2470,estan,0.00027552953332185293,8,O
2471,estancia,6.888238333046323e-05,2,O
2472,estando,6.888238333046323e-05,2,O
2473,estar,0.0005855002583089375,17,O
2474,estarr,3.4441191665231616e-05,1,O
2475,estaríamos,3.4441191665231616e-05,1,O
2476,estarían,3.4441191665231616e-05,1,O
2477,estas,6.888238333046323e-05,2,O
2478,estava,3.4441191665231616e-05,1,O
2479,este,0.0026519717582228347,77,O
2480,estilo,0.0031847133757961785,1,I-positive
2481,estira,3.4441191665231616e-05,1,O
2482,esto,0.0004132942999827794,12,O
2483,estofado,3.4441191665231616e-05,1,O
2484,estos,0.00034441191665231615,10,O
2485,estoy,0.00013776476666092647,4,O
2486,estrecho,3.4441191665231616e-05,1,O
2487,estrella,0.0004132942999827794,12,O
2488,estrellados,0.005847953216374269,1,I-negative
2489,estrellas,6.888238333046323e-05,2,O
2490,estrellato,3.4441191665231616e-05,1,O
2491,estresados,3.4441191665231616e-05,1,O
2492,estropearlo,3.4441191665231616e-05,1,O
2493,estube,3.4441191665231616e-05,1,O
2494,estupenda,0.00048217668331324264,14,O
2495,estupendamente,6.888238333046323e-05,2,O
2496,estupendo,0.00030997072498708454,9,O
2497,estupendos,3.4441191665231616e-05,1,O
2498,estuve,0.00030997072498708454,9,O
2499,estuviemos,3.4441191665231616e-05,1,O
2500,estuviera,0.00010332357499569486,3,O
2501,estuvieran,3.4441191665231616e-05,1,O
2502,estuvieras,3.4441191665231616e-05,1,O
2503,estuvieron,3.4441191665231616e-05,1,O
2504,estuvimos,0.00030997072498708454,9,O
2505,estuvo,0.0006888238333046323,20,O
2506,está,0.005847953216374269,1,I-negative
2507,están,0.00024108834165662132,7,O
2508,estás,3.4441191665231616e-05,1,O
2509,esté,3.4441191665231616e-05,1,O
2510,estéticamente,3.4441191665231616e-05,1,O
2511,etabas,3.4441191665231616e-05,1,O
2512,etc,0.00024108834165662132,7,O
2513,etiquetada,3.4441191665231616e-05,1,O
2514,euna,3.4441191665231616e-05,1,O
2515,euracos,3.4441191665231616e-05,1,O
2516,euros,0.0009643533666264853,28,O
2517,euros.El,3.4441191665231616e-05,1,O
2518,evento,6.888238333046323e-05,2,O
2519,evidenciar,3.4441191665231616e-05,1,O
2520,evitar,3.4441191665231616e-05,1,O
2521,evohe,3.4441191665231616e-05,1,O
2522,exactamente,6.888238333046323e-05,2,O
2523,exagerada,3.4441191665231616e-05,1,O
2524,exagerado,6.888238333046323e-05,2,O
2525,exceccional,3.4441191665231616e-05,1,O
2526,excelemte,3.4441191665231616e-05,1,O
2527,excelencia,6.888238333046323e-05,2,O
2528,excelente,0.0025830893748923713,75,O
2529,excelentes,0.00037885310831754776,11,O
2530,excelso,3.4441191665231616e-05,1,O
2531,excepcional,0.00024108834165662132,7,O
2532,excepcionales,6.888238333046323e-05,2,O
2533,excepción,6.888238333046323e-05,2,O
2534,excepto,3.4441191665231616e-05,1,O
2535,excesible,3.4441191665231616e-05,1,O
2536,excesiva,6.888238333046323e-05,2,O
2537,excesivamente,0.00013776476666092647,4,O
2538,excesivo,0.00013776476666092647,4,O
2539,exceso,6.888238333046323e-05,2,O
2540,excusa,3.4441191665231616e-05,1,O
2541,exigente,3.4441191665231616e-05,1,O
2542,exigir,3.4441191665231616e-05,1,O
2543,exigirnos,3.4441191665231616e-05,1,O
2544,existencia,6.888238333046323e-05,2,O
2545,exitosamente,3.4441191665231616e-05,1,O
2546,expectación,3.4441191665231616e-05,1,O
2547,expectativas,0.00010332357499569486,3,O
2548,experiencia,0.007874015748031496,3,B-negative
2549,experiencia.Excelente,3.4441191665231616e-05,1,O
2550,experiencias,3.4441191665231616e-05,1,O
2551,experimentados,3.4441191665231616e-05,1,O
2552,expertos,3.4441191665231616e-05,1,O
2553,explica,3.4441191665231616e-05,1,O
2554,explicaban,3.4441191665231616e-05,1,O
2555,explicaciones,0.00013776476666092647,4,O
2556,explicada,3.4441191665231616e-05,1,O
2557,explicado,3.4441191665231616e-05,1,O
2558,explicar,0.0002066471499913897,6,O
2559,explicaron,3.4441191665231616e-05,1,O
2560,explico,6.888238333046323e-05,2,O
2561,exponente,3.4441191665231616e-05,1,O
2562,exquisita,0.00030997072498708454,9,O
2563,exquisitas,3.4441191665231616e-05,1,O
2564,exquisito,0.00034441191665231615,10,O
2565,exquisitos,0.00013776476666092647,4,O
2566,exquisutos,3.4441191665231616e-05,1,O
2567,extensa,0.00017220595832615808,5,O
2568,extensísima,3.4441191665231616e-05,1,O
2569,exterior,6.888238333046323e-05,2,O
2570,extra,0.00010332357499569486,3,O
2571,extra-coste,3.4441191665231616e-05,1,O
2572,extranjeros,3.4441191665231616e-05,1,O
2573,extraordinaria,0.0002066471499913897,6,O
2574,extraordinario,6.888238333046323e-05,2,O
2575,extraña,6.888238333046323e-05,2,O
2576,extrañada,3.4441191665231616e-05,1,O
2577,extricto,3.4441191665231616e-05,1,O
2578,fa,3.4441191665231616e-05,1,O
2579,fabulosa,6.888238333046323e-05,2,O
2580,fabuloso,3.4441191665231616e-05,1,O
2581,faciles,3.4441191665231616e-05,1,O
2582,facilmente,3.4441191665231616e-05,1,O
2583,factura,0.005249343832020997,2,B-negative
2584,facturación,3.4441191665231616e-05,1,O
2585,faena,6.888238333046323e-05,2,O
2586,fallara,3.4441191665231616e-05,1,O
2587,fallo,6.888238333046323e-05,2,O
2588,falso,3.4441191665231616e-05,1,O
2589,falta,0.00048217668331324264,14,O
2590,faltaba,6.888238333046323e-05,2,O
2591,faltaban,6.888238333046323e-05,2,O
2592,faltan,6.888238333046323e-05,2,O
2593,faltar,6.888238333046323e-05,2,O
2594,faltase,3.4441191665231616e-05,1,O
2595,falte,3.4441191665231616e-05,1,O
2596,falto,3.4441191665231616e-05,1,O
2597,fama,6.888238333046323e-05,2,O
2598,familia,0.00017220595832615808,5,O
2599,familiar,0.0002066471499913897,6,O
2600,familiares,6.888238333046323e-05,2,O
2601,famoso,3.4441191665231616e-05,1,O
2602,fantastica,3.4441191665231616e-05,1,O
2603,fantastico,3.4441191665231616e-05,1,O
2604,fantástica,0.00010332357499569486,3,O
2605,fantásticamente,3.4441191665231616e-05,1,O
2606,fantástico,0.00010332357499569486,3,O
2607,fascinada,3.4441191665231616e-05,1,O
2608,fascino,3.4441191665231616e-05,1,O
2609,fasion,3.4441191665231616e-05,1,O
2610,fast,3.4441191665231616e-05,1,O
2611,fatal,0.00013776476666092647,4,O
2612,fatigoso,3.4441191665231616e-05,1,O
2613,favor,0.00010332357499569486,3,O
2614,favorable,3.4441191665231616e-05,1,O
2615,favoritos,0.00010332357499569486,3,O
2616,fe,0.00010332357499569486,3,O
2617,febrero,6.888238333046323e-05,2,O
2618,fechas,3.4441191665231616e-05,1,O
2619,felices,3.4441191665231616e-05,1,O
2620,felicidades,3.4441191665231616e-05,1,O
2621,felicitamos,3.4441191665231616e-05,1,O
2622,felicitar,3.4441191665231616e-05,1,O
2623,felicitos,3.4441191665231616e-05,1,O
2624,feliz,3.4441191665231616e-05,1,O
2625,fenomenal,0.0002066471499913897,6,O
2626,fernando,0.0026246719160104987,1,B-negative
2627,ferrero,3.4441191665231616e-05,1,O
2628,festivo,3.4441191665231616e-05,1,O
2629,fiasco,3.4441191665231616e-05,1,O
2630,fideus,3.4441191665231616e-05,1,O
2631,fiestas,3.4441191665231616e-05,1,O
2632,fije,3.4441191665231616e-05,1,O
2633,fijo,3.4441191665231616e-05,1,O
2634,filete,0.0017241379310344827,2,B-positive
2635,fin,0.005847953216374269,1,I-negative
2636,final,0.00030997072498708454,9,O
2637,fines,3.4441191665231616e-05,1,O
2638,fino,6.888238333046323e-05,2,O
2639,flaco,3.4441191665231616e-05,1,O
2640,flipar,3.4441191665231616e-05,1,O
2641,floja,3.4441191665231616e-05,1,O
2642,flojita,3.4441191665231616e-05,1,O
2643,flojo,0.00010332357499569486,3,O
2644,flojos,6.888238333046323e-05,2,O
2645,flor,6.888238333046323e-05,2,O
2646,fluorescente,3.4441191665231616e-05,1,O
2647,fogones,3.4441191665231616e-05,1,O
2648,foi,0.005847953216374269,1,I-negative
2649,foie,0.013888888888888888,1,B-neutral
2650,fondo,0.00010332357499569486,3,O
2651,food,3.4441191665231616e-05,1,O
2652,forma,0.023255813953488372,1,I-neutral
2653,formar,3.4441191665231616e-05,1,O
2654,formas,0.00013776476666092647,4,O
2655,foro,6.888238333046323e-05,2,O
2656,foros,3.4441191665231616e-05,1,O
2657,forraron,3.4441191665231616e-05,1,O
2658,fortuna,3.4441191665231616e-05,1,O
2659,foto,6.888238333046323e-05,2,O
2660,fotos,0.00010332357499569486,3,O
2661,fours,3.4441191665231616e-05,1,O
2662,frambuesa,3.4441191665231616e-05,1,O
2663,francamente,0.00010332357499569486,3,O
2664,francés,3.4441191665231616e-05,1,O
2665,franquicia,3.4441191665231616e-05,1,O
2666,frente,3.4441191665231616e-05,1,O
2667,fresa,0.0031847133757961785,1,I-positive
2668,fresas,0.0031847133757961785,1,I-positive
2669,fresca,6.888238333046323e-05,2,O
2670,fresco,0.00017220595832615808,5,O
2671,frescos,3.4441191665231616e-05,1,O
2672,frescura,3.4441191665231616e-05,1,O
2673,fresquísimas,3.4441191665231616e-05,1,O
2674,frio,0.0026246719160104987,1,B-negative
2675,fritas,0.005847953216374269,1,I-negative
2676,fritos,0.023255813953488372,1,I-neutral
2677,frutas,3.4441191665231616e-05,1,O
2678,fruto,3.4441191665231616e-05,1,O
2679,frutos.comenzamos,3.4441191665231616e-05,1,O
2680,fu,3.4441191665231616e-05,1,O
2681,fue,0.0029275012915446876,85,O
2682,fuera,0.0002066471499913897,6,O
2683,fueramos,3.4441191665231616e-05,1,O
2684,fueron,0.0002066471499913897,6,O
2685,fuerte,3.4441191665231616e-05,1,O
2686,fues,3.4441191665231616e-05,1,O
2687,fuese,3.4441191665231616e-05,1,O
2688,fui,0.0002066471499913897,6,O
2689,fuimos,0.0005510590666437059,16,O
2690,fuisteis,3.4441191665231616e-05,1,O
2691,fumadores,0.00013776476666092647,4,O
2692,fumar,6.888238333046323e-05,2,O
2693,funcionan,3.4441191665231616e-05,1,O
2694,función,6.888238333046323e-05,2,O
2695,fundado,3.4441191665231616e-05,1,O
2696,futuro,3.4441191665231616e-05,1,O
2697,fué,0.00017220595832615808,5,O
2698,fuí,3.4441191665231616e-05,1,O
2699,fácil,6.888238333046323e-05,2,O
2700,fíjese,3.4441191665231616e-05,1,O
2701,fórmula,0.00013776476666092647,4,O
2702,gaditana,3.4441191665231616e-05,1,O
2703,gaditano,3.4441191665231616e-05,1,O
2704,galicia,3.4441191665231616e-05,1,O
2705,galleta,3.4441191665231616e-05,1,O
2706,gallina,0.0031847133757961785,1,I-positive
2707,gallinas,3.4441191665231616e-05,1,O
2708,gama,6.888238333046323e-05,2,O
2709,gamba,0.023255813953488372,1,I-neutral
2710,gambas,0.005847953216374269,1,I-negative
2711,ganar,3.4441191665231616e-05,1,O
2712,ganarse,3.4441191665231616e-05,1,O
2713,ganaría,3.4441191665231616e-05,1,O
2714,ganas,0.0002066471499913897,6,O
2715,ganen,3.4441191665231616e-05,1,O
2716,gano,3.4441191665231616e-05,1,O
2717,garantía,3.4441191665231616e-05,1,O
2718,garantías,3.4441191665231616e-05,1,O
2719,garnacha.Onoro,3.4441191665231616e-05,1,O
2720,gas,0.005847953216374269,1,I-negative
2721,gasta,3.4441191665231616e-05,1,O
2722,gastas,3.4441191665231616e-05,1,O
2723,gasto,3.4441191665231616e-05,1,O
2724,gastronomico,3.4441191665231616e-05,1,O
2725,gastronomía,6.888238333046323e-05,2,O
2726,gastronómico,3.4441191665231616e-05,1,O
2727,gastronómicos,0.00010332357499569486,3,O
2728,gazpacho,0.0017241379310344827,2,B-positive
2729,geenral,3.4441191665231616e-05,1,O
2730,generacion,3.4441191665231616e-05,1,O
2731,general,0.0005166178749784743,15,O
2732,generales,3.4441191665231616e-05,1,O
2733,generar,3.4441191665231616e-05,1,O
2734,genero,0.0008620689655172414,1,B-positive
2735,generosa,3.4441191665231616e-05,1,O
2736,generosas,3.4441191665231616e-05,1,O
2737,genial,0.0006199414499741691,18,O
2738,genial.El,3.4441191665231616e-05,1,O
2739,gente,0.0026246719160104987,1,B-negative
2740,gentil,3.4441191665231616e-05,1,O
2741,gentílmente,3.4441191665231616e-05,1,O
2742,genéticamente,3.4441191665231616e-05,1,O
2743,gestión,0.0008620689655172414,1,B-positive
2744,gimnasio,3.4441191665231616e-05,1,O
2745,gin,3.4441191665231616e-05,1,O
2746,gin-tonic,3.4441191665231616e-05,1,O
2747,ginebra,3.4441191665231616e-05,1,O
2748,glacé,3.4441191665231616e-05,1,O
2749,global,6.888238333046323e-05,2,O
2750,golosos,3.4441191665231616e-05,1,O
2751,golpe,3.4441191665231616e-05,1,O
2752,golpeaban,3.4441191665231616e-05,1,O
2753,gorda,3.4441191665231616e-05,1,O
2754,gourmet,3.4441191665231616e-05,1,O
2755,goza,3.4441191665231616e-05,1,O
2756,gozo,3.4441191665231616e-05,1,O
2757,gracia,6.888238333046323e-05,2,O
2758,gracias,0.0006543826416394007,19,O
2759,grado,3.4441191665231616e-05,1,O
2760,grados,0.0031847133757961785,1,I-positive
2761,gramos,3.4441191665231616e-05,1,O
2762,gran,0.00044773549164801103,13,O
2763,grande,0.00013776476666092647,4,O
2764,grandes,0.00010332357499569486,3,O
2765,granja,3.4441191665231616e-05,1,O
2766,granos,3.4441191665231616e-05,1,O
2767,grata,3.4441191665231616e-05,1,O
2768,gratamente,3.4441191665231616e-05,1,O
2769,gratinado,3.4441191665231616e-05,1,O
2770,grifo,0.005847953216374269,1,I-negative
2771,gritar,6.888238333046323e-05,2,O
2772,gritarnos,3.4441191665231616e-05,1,O
2773,griterio,0.0026246719160104987,1,B-negative
2774,grosería,3.4441191665231616e-05,1,O
2775,gruesos,3.4441191665231616e-05,1,O
2776,grupo,0.00024108834165662132,7,O
2777,grupos,0.00024108834165662132,7,O
2778,guardia,3.4441191665231616e-05,1,O
2779,guiar,3.4441191665231616e-05,1,O
2780,guinda,3.4441191665231616e-05,1,O
2781,guiris,6.888238333046323e-05,2,O
2782,guitarra.Resumiendo,3.4441191665231616e-05,1,O
2783,gusta,0.00044773549164801103,13,O
2784,gustaba,3.4441191665231616e-05,1,O
2785,gustado,0.0002066471499913897,6,O
2786,gustan,3.4441191665231616e-05,1,O
2787,gustara,6.888238333046323e-05,2,O
2788,gustaria,3.4441191665231616e-05,1,O
2789,gustaron,3.4441191665231616e-05,1,O
2790,gustará,3.4441191665231616e-05,1,O
2791,gustaría,6.888238333046323e-05,2,O
2792,gusto,0.0007921474083003272,23,O
2793,gustos,3.4441191665231616e-05,1,O
2794,gustoso,3.4441191665231616e-05,1,O
2795,gustosos,3.4441191665231616e-05,1,O
2796,gustó,0.00037885310831754776,11,O
2797,guías,3.4441191665231616e-05,1,O
2798,h,6.888238333046323e-05,2,O
2799,ha,0.002066471499913897,60,O
2800,habano,3.4441191665231616e-05,1,O
2801,haber,0.005847953216374269,1,I-negative
2802,haberlo,3.4441191665231616e-05,1,O
2803,haberte,3.4441191665231616e-05,1,O
2804,habia,0.0002066471499913897,6,O
2805,habian,3.4441191665231616e-05,1,O
2806,habido,3.4441191665231616e-05,1,O
2807,habiendo,3.4441191665231616e-05,1,O
2808,habitaciones,3.4441191665231616e-05,1,O
2809,habituadas,3.4441191665231616e-05,1,O
2810,habitual,6.888238333046323e-05,2,O
2811,habituales,3.4441191665231616e-05,1,O
2812,habla,3.4441191665231616e-05,1,O
2813,hablaba,3.4441191665231616e-05,1,O
2814,hablan,3.4441191665231616e-05,1,O
2815,hablando,0.00010332357499569486,3,O
2816,hablar,0.00017220595832615808,5,O
2817,hablo,6.888238333046323e-05,2,O
2818,habremos,3.4441191665231616e-05,1,O
2819,habría,3.4441191665231616e-05,1,O
2820,habérsela,3.4441191665231616e-05,1,O
2821,había,0.0007921474083003272,23,O
2822,habíamos,0.00017220595832615808,5,O
2823,habían,0.00013776476666092647,4,O
2824,hace,0.0008954709832960221,26,O
2825,hacemos,3.4441191665231616e-05,1,O
2826,hacen,0.00030997072498708454,9,O
2827,hacer,0.0006888238333046323,20,O
2828,hacermelo,3.4441191665231616e-05,1,O
2829,hacia,0.00010332357499569486,3,O
2830,hacian,3.4441191665231616e-05,1,O
2831,haciendo,0.00013776476666092647,4,O
2832,haciendose,3.4441191665231616e-05,1,O
2833,haciéndolo,3.4441191665231616e-05,1,O
2834,hacía,6.888238333046323e-05,2,O
2835,hacían,3.4441191665231616e-05,1,O
2836,haga,3.4441191665231616e-05,1,O
2837,hagamos,3.4441191665231616e-05,1,O
2838,hagan,6.888238333046323e-05,2,O
2839,hago,6.888238333046323e-05,2,O
2840,hallazgo,3.4441191665231616e-05,1,O
2841,hambre,0.00017220595832615808,5,O
2842,hambueguesa,3.4441191665231616e-05,1,O
2843,han,0.0026246719160104987,1,B-negative
2844,hare,3.4441191665231616e-05,1,O
2845,harinas,3.4441191665231616e-05,1,O
2846,haría,3.4441191665231616e-05,1,O
2847,has,0.00034441191665231615,10,O
2848,hasta,0.0005166178749784743,15,O
2849,hay,0.0026246719160104987,1,B-negative
2850,haya,0.00017220595832615808,5,O
2851,hayan,0.00010332357499569486,3,O
2852,hayas,6.888238333046323e-05,2,O
2853,he,0.0013087652832788014,38,O
2854,hecha,0.00010332357499569486,3,O
2855,hecho,0.00017220595832615808,5,O
2856,hecho.Aplicaron,3.4441191665231616e-05,1,O
2857,hechos,6.888238333046323e-05,2,O
2858,helado,0.00037885310831754776,11,O
2859,hemos,0.0008954709832960221,26,O
2860,hermano,3.4441191665231616e-05,1,O
2861,hermanos,3.4441191665231616e-05,1,O
2862,hermoso,3.4441191665231616e-05,1,O
2863,heroismo,3.4441191665231616e-05,1,O
2864,hervido,3.4441191665231616e-05,1,O
2865,hiciera,3.4441191665231616e-05,1,O
2866,hicieron,0.00017220595832615808,5,O
2867,hicimos,0.0002066471499913897,6,O
2868,hielo,6.888238333046323e-05,2,O
2869,hija,3.4441191665231616e-05,1,O
2870,hijos,6.888238333046323e-05,2,O
2871,historia,3.4441191665231616e-05,1,O
2872,hizo,6.888238333046323e-05,2,O
2873,hoja,6.888238333046323e-05,2,O
2874,hola,6.888238333046323e-05,2,O
2875,homenaje,3.4441191665231616e-05,1,O
2876,homogeneidad,0.00013776476666092647,4,O
2877,homogéneo,3.4441191665231616e-05,1,O
2878,honesto,3.4441191665231616e-05,1,O
2879,hongos,0.005847953216374269,1,I-negative
2880,hora,0.0005166178749784743,15,O
2881,horario,3.4441191665231616e-05,1,O
2882,horas,0.00010332357499569486,3,O
2883,horno,0.0031847133757961785,1,I-positive
2884,hortalizas,3.4441191665231616e-05,1,O
2885,hostelera,3.4441191665231616e-05,1,O
2886,hosteleria,3.4441191665231616e-05,1,O
2887,hotel,0.00010332357499569486,3,O
2888,hoy,0.0002066471499913897,6,O
2889,hubiera,0.00027552953332185293,8,O
2890,hubieran,3.4441191665231616e-05,1,O
2891,hubiese,0.00017220595832615808,5,O
2892,hubo,0.00010332357499569486,3,O
2893,huelva,0.0031847133757961785,1,I-positive
2894,huerta,3.4441191665231616e-05,1,O
2895,huevas,0.0026246719160104987,1,B-negative
2896,huevo,0.0034482758620689655,4,B-positive
2897,huevos,0.013888888888888888,1,B-neutral
2898,humilde,6.888238333046323e-05,2,O
2899,humo,0.013888888888888888,1,B-neutral
2900,humor,3.4441191665231616e-05,1,O
2901,i,0.00010332357499569486,3,O
2902,iba,0.00017220595832615808,5,O
2903,ibamos,0.00010332357499569486,3,O
2904,iban,0.00010332357499569486,3,O
2905,iberico,0.005847953216374269,1,I-negative
2906,ibérica,0.023255813953488372,1,I-neutral
2907,ibérico,6.888238333046323e-05,2,O
2908,idea,6.888238333046323e-05,2,O
2909,ideal,6.888238333046323e-05,2,O
2910,ideas,3.4441191665231616e-05,1,O
2911,ideasgracias,3.4441191665231616e-05,1,O
2912,identidad,3.4441191665231616e-05,1,O
2913,idiomas,3.4441191665231616e-05,1,O
2914,ido,0.0007232650249698639,21,O
2915,idóneo,6.888238333046323e-05,2,O
2916,igual,0.0005510590666437059,16,O
2917,iluminacion,0.0026246719160104987,1,B-negative
2918,iluminación,0.027777777777777776,2,B-neutral
2919,iluminado,3.4441191665231616e-05,1,O
2920,ilustrada,0.0031847133757961785,1,I-positive
2921,imagen,0.0008620689655172414,1,B-positive
2922,imaginais,3.4441191665231616e-05,1,O
2923,imagino,3.4441191665231616e-05,1,O
2924,imbatible,3.4441191665231616e-05,1,O
2925,imbatible.Eso,3.4441191665231616e-05,1,O
2926,imcomprensible,3.4441191665231616e-05,1,O
2927,immunda,3.4441191665231616e-05,1,O
2928,immundo,3.4441191665231616e-05,1,O
2929,impecable,0.00030997072498708454,9,O
2930,impecables,3.4441191665231616e-05,1,O
2931,impecble,3.4441191665231616e-05,1,O
2932,imperdonable,6.888238333046323e-05,2,O
2933,imperial,3.4441191665231616e-05,1,O
2934,impertinentes,3.4441191665231616e-05,1,O
2935,importa,0.00010332357499569486,3,O
2936,importante,6.888238333046323e-05,2,O
2937,imposible,0.00010332357499569486,3,O
2938,imposibles,3.4441191665231616e-05,1,O
2939,imprescindible,3.4441191665231616e-05,1,O
2940,impresionados,3.4441191665231616e-05,1,O
2941,impresionante,0.00030997072498708454,9,O
2942,impresionantes,3.4441191665231616e-05,1,O
2943,impresiones,3.4441191665231616e-05,1,O
2944,impresión,0.00013776476666092647,4,O
2945,imprimida,3.4441191665231616e-05,1,O
2946,inalámbricos,3.4441191665231616e-05,1,O
2947,incansable,3.4441191665231616e-05,1,O
2948,incendio,3.4441191665231616e-05,1,O
2949,incluida,6.888238333046323e-05,2,O
2950,incluida.Los,3.4441191665231616e-05,1,O
2951,incluido,0.00013776476666092647,4,O
2952,incluidos,3.4441191665231616e-05,1,O
2953,incluso,0.00024108834165662132,7,O
2954,incluyen,3.4441191665231616e-05,1,O
2955,incluyendo,6.888238333046323e-05,2,O
2956,incomestible,3.4441191665231616e-05,1,O
2957,incomible,3.4441191665231616e-05,1,O
2958,incomodas,3.4441191665231616e-05,1,O
2959,incomparable,3.4441191665231616e-05,1,O
2960,incompatible,3.4441191665231616e-05,1,O
2961,inconcebible,3.4441191665231616e-05,1,O
2962,incongruencia,3.4441191665231616e-05,1,O
2963,incongruente,3.4441191665231616e-05,1,O
2964,incordiante,3.4441191665231616e-05,1,O
2965,incorporación,3.4441191665231616e-05,1,O
2966,increible,6.888238333046323e-05,2,O
2967,incremento,3.4441191665231616e-05,1,O
2968,increíble,6.888238333046323e-05,2,O
2969,increíblemente,6.888238333046323e-05,2,O
2970,incumplimiento,3.4441191665231616e-05,1,O
2971,incómodo,3.4441191665231616e-05,1,O
2972,independiente,3.4441191665231616e-05,1,O
2973,independientemente,3.4441191665231616e-05,1,O
2974,indicado,3.4441191665231616e-05,1,O
2975,indicar,3.4441191665231616e-05,1,O
2976,indico,6.888238333046323e-05,2,O
2977,individuales,3.4441191665231616e-05,1,O
2978,individuo,3.4441191665231616e-05,1,O
2979,industrial,3.4441191665231616e-05,1,O
2980,infantil,3.4441191665231616e-05,1,O
2981,infiernos,3.4441191665231616e-05,1,O
2982,infinitamente,3.4441191665231616e-05,1,O
2983,influyó,3.4441191665231616e-05,1,O
2984,informacion,3.4441191665231616e-05,1,O
2985,información,3.4441191665231616e-05,1,O
2986,informado,3.4441191665231616e-05,1,O
2987,inglés,3.4441191665231616e-05,1,O
2988,ingrediente,3.4441191665231616e-05,1,O
2989,ingredientes,6.888238333046323e-05,2,O
2990,iniciativa,3.4441191665231616e-05,1,O
2991,inicio,6.888238333046323e-05,2,O
2992,inigualable,0.00010332357499569486,3,O
2993,inmejorable,0.00044773549164801103,13,O
2994,inmejorables,6.888238333046323e-05,2,O
2995,innovación,3.4441191665231616e-05,1,O
2996,innovador,6.888238333046323e-05,2,O
2997,innovadora,3.4441191665231616e-05,1,O
2998,inolvidable,3.4441191665231616e-05,1,O
2999,insatisfecho,3.4441191665231616e-05,1,O
3000,insipida,3.4441191665231616e-05,1,O
3001,insipido,3.4441191665231616e-05,1,O
3002,insistas,3.4441191665231616e-05,1,O
3003,insistimos,3.4441191665231616e-05,1,O
3004,insisto,3.4441191665231616e-05,1,O
3005,instalaciones,0.0008620689655172414,1,B-positive
3006,instalado,3.4441191665231616e-05,1,O
3007,insuficiente,3.4441191665231616e-05,1,O
3008,insulso,3.4441191665231616e-05,1,O
3009,insultan,3.4441191665231616e-05,1,O
3010,insultar,3.4441191665231616e-05,1,O
3011,insípida,3.4441191665231616e-05,1,O
3012,intachable,3.4441191665231616e-05,1,O
3013,integra,3.4441191665231616e-05,1,O
3014,inteligencia,3.4441191665231616e-05,1,O
3015,intención,0.00013776476666092647,4,O
3016,intenso,6.888238333046323e-05,2,O
3017,intentado,6.888238333046323e-05,2,O
3018,intentamos,3.4441191665231616e-05,1,O
3019,intentar,3.4441191665231616e-05,1,O
3020,intente,3.4441191665231616e-05,1,O
3021,intercambiar,3.4441191665231616e-05,1,O
3022,interesaba,3.4441191665231616e-05,1,O
3023,interesados,3.4441191665231616e-05,1,O
3024,interesante,0.00010332357499569486,3,O
3025,interesarme,3.4441191665231616e-05,1,O
3026,interior,0.0026246719160104987,1,B-negative
3027,internacional,3.4441191665231616e-05,1,O
3028,internet,0.0002066471499913897,6,O
3029,internet.Aunque,3.4441191665231616e-05,1,O
3030,interés,3.4441191665231616e-05,1,O
3031,intima,3.4441191665231616e-05,1,O
3032,intimidad,0.0026246719160104987,1,B-negative
3033,intimo,6.888238333046323e-05,2,O
3034,introducir,3.4441191665231616e-05,1,O
3035,intruso,3.4441191665231616e-05,1,O
3036,invade,3.4441191665231616e-05,1,O
3037,invadió,3.4441191665231616e-05,1,O
3038,invierno,3.4441191665231616e-05,1,O
3039,inviertiendo,3.4441191665231616e-05,1,O
3040,invita,3.4441191665231616e-05,1,O
3041,invitacion,3.4441191665231616e-05,1,O
3042,invitados,3.4441191665231616e-05,1,O
3043,invitan,3.4441191665231616e-05,1,O
3044,invitaran,3.4441191665231616e-05,1,O
3045,invitaria,3.4441191665231616e-05,1,O
3046,invitaron,0.00010332357499569486,3,O
3047,inviten,3.4441191665231616e-05,1,O
3048,invito,3.4441191665231616e-05,1,O
3049,io,0.0031847133757961785,1,I-positive
3050,ir,0.0008610297916307905,25,O
3051,irme,3.4441191665231616e-05,1,O
3052,ironía,3.4441191665231616e-05,1,O
3053,irse,3.4441191665231616e-05,1,O
3054,irte,3.4441191665231616e-05,1,O
3055,iré,6.888238333046323e-05,2,O
3056,iría,3.4441191665231616e-05,1,O
3057,istalaciones,0.0008620689655172414,1,B-positive
3058,italiana,0.023255813953488372,1,I-neutral
3059,itios,3.4441191665231616e-05,1,O
3060,iva,3.4441191665231616e-05,1,O
3061,izquierda,6.888238333046323e-05,2,O
3062,izquierdo,3.4441191665231616e-05,1,O
3063,jaleo,0.0026246719160104987,1,B-negative
3064,jamas,3.4441191665231616e-05,1,O
3065,jamon,0.005847953216374269,1,I-negative
3066,jamoneria,3.4441191665231616e-05,1,O
3067,jamonun,3.4441191665231616e-05,1,O
3068,jamás,3.4441191665231616e-05,1,O
3069,jamón,0.005847953216374269,1,I-negative
3070,jarra,3.4441191665231616e-05,1,O
3071,jefa,3.4441191665231616e-05,1,O
3072,jefe,0.0008620689655172414,1,B-positive
3073,jerez,0.0031847133757961785,1,I-positive
3074,jmarcoj,3.4441191665231616e-05,1,O
3075,jose,6.888238333046323e-05,2,O
3076,jota,3.4441191665231616e-05,1,O
3077,joya,3.4441191665231616e-05,1,O
3078,judicial,3.4441191665231616e-05,1,O
3079,judías,0.0026246719160104987,1,B-negative
3080,juega,3.4441191665231616e-05,1,O
3081,juegan,3.4441191665231616e-05,1,O
3082,jueves,3.4441191665231616e-05,1,O
3083,junio,3.4441191665231616e-05,1,O
3084,juntaba,3.4441191665231616e-05,1,O
3085,juntas,0.00027552953332185293,8,O
3086,junto,0.00037885310831754776,11,O
3087,justa,0.00010332357499569486,3,O
3088,justas,3.4441191665231616e-05,1,O
3089,justita,3.4441191665231616e-05,1,O
3090,justitas,3.4441191665231616e-05,1,O
3091,justito,6.888238333046323e-05,2,O
3092,justo,0.00013776476666092647,4,O
3093,jóvenes,3.4441191665231616e-05,1,O
3094,k,3.4441191665231616e-05,1,O
3095,l,6.888238333046323e-05,2,O
3096,la,0.03821656050955414,12,I-positive
3097,laborables,3.4441191665231616e-05,1,O
3098,laboral,3.4441191665231616e-05,1,O
3099,laborales,3.4441191665231616e-05,1,O
3100,lado,0.00037885310831754776,11,O
3101,lambrusco,3.4441191665231616e-05,1,O
3102,lamentable,0.00017220595832615808,5,O
3103,lamentablemente,3.4441191665231616e-05,1,O
3104,lamento,3.4441191665231616e-05,1,O
3105,langostinos,0.0031847133757961785,1,I-positive
3106,largo.Es,3.4441191665231616e-05,1,O
3107,las,0.005847953216374269,1,I-negative
3108,lata,3.4441191665231616e-05,1,O
3109,latinoamericana,3.4441191665231616e-05,1,O
3110,latita,3.4441191665231616e-05,1,O
3111,lavabos,0.005249343832020997,2,B-negative
3112,le,0.0013087652832788014,38,O
3113,lea,3.4441191665231616e-05,1,O
3114,leche,0.0031847133757961785,1,I-positive
3115,lectores,6.888238333046323e-05,2,O
3116,leen,3.4441191665231616e-05,1,O
3117,leer,0.00010332357499569486,3,O
3118,legales,3.4441191665231616e-05,1,O
3119,leido,0.005847953216374269,1,I-negative
3120,lejos,6.888238333046323e-05,2,O
3121,len,3.4441191665231616e-05,1,O
3122,lento,0.00024108834165662132,7,O
3123,lentos,3.4441191665231616e-05,1,O
3124,lentísimo,3.4441191665231616e-05,1,O
3125,les,0.0031847133757961785,1,I-positive
3126,levantar,3.4441191665231616e-05,1,O
3127,levitas,3.4441191665231616e-05,1,O
3128,ley,3.4441191665231616e-05,1,O
3129,leí,3.4441191665231616e-05,1,O
3130,leído,3.4441191665231616e-05,1,O
3131,leña,6.888238333046323e-05,2,O
3132,liar,3.4441191665231616e-05,1,O
3133,libertad,3.4441191665231616e-05,1,O
3134,libre,0.00013776476666092647,4,O
3135,libro,3.4441191665231616e-05,1,O
3136,licores,3.4441191665231616e-05,1,O
3137,lima,3.4441191665231616e-05,1,O
3138,limitó,3.4441191665231616e-05,1,O
3139,limon,3.4441191665231616e-05,1,O
3140,limpia,3.4441191665231616e-05,1,O
3141,limpiar,6.888238333046323e-05,2,O
3142,limpieza,0.0026246719160104987,1,B-negative
3143,limpio,0.0008620689655172414,1,B-positive
3144,limpios,6.888238333046323e-05,2,O
3145,limón,3.4441191665231616e-05,1,O
3146,lindo,3.4441191665231616e-05,1,O
3147,linea,3.4441191665231616e-05,1,O
3148,lineal,3.4441191665231616e-05,1,O
3149,lineas,3.4441191665231616e-05,1,O
3150,liquidar,3.4441191665231616e-05,1,O
3151,lis,3.4441191665231616e-05,1,O
3152,lista,0.00010332357499569486,3,O
3153,llama,3.4441191665231616e-05,1,O
3154,llamaba,3.4441191665231616e-05,1,O
3155,llamando,3.4441191665231616e-05,1,O
3156,llamaran,3.4441191665231616e-05,1,O
3157,llamaron,6.888238333046323e-05,2,O
3158,llamas,3.4441191665231616e-05,1,O
3159,llamo,3.4441191665231616e-05,1,O
3160,llamémosla,3.4441191665231616e-05,1,O
3161,llantar,3.4441191665231616e-05,1,O
3162,llauna,3.4441191665231616e-05,1,O
3163,llega,0.00010332357499569486,3,O
3164,llegaba,3.4441191665231616e-05,1,O
3165,llegada,3.4441191665231616e-05,1,O
3166,llegamos,6.888238333046323e-05,2,O
3167,llegan,3.4441191665231616e-05,1,O
3168,llegar,0.00010332357499569486,3,O
3169,llegaron,0.00010332357499569486,3,O
3170,llegué,0.00010332357499569486,3,O
3171,llegó,6.888238333046323e-05,2,O
3172,llena,3.4441191665231616e-05,1,O
3173,llenando,3.4441191665231616e-05,1,O
3174,llenar,6.888238333046323e-05,2,O
3175,llenaron,3.4441191665231616e-05,1,O
3176,llenarte.No,3.4441191665231616e-05,1,O
3177,llenisimo,3.4441191665231616e-05,1,O
3178,lleno,0.005847953216374269,1,I-negative
3179,llenos,3.4441191665231616e-05,1,O
3180,llenísimo,3.4441191665231616e-05,1,O
3181,lletres,0.0031847133757961785,1,I-positive
3182,lleva,6.888238333046323e-05,2,O
3183,llevaba,3.4441191665231616e-05,1,O
3184,llevamos,0.00010332357499569486,3,O
3185,llevan,3.4441191665231616e-05,1,O
3186,llevarse,3.4441191665231616e-05,1,O
3187,llevará,3.4441191665231616e-05,1,O
3188,llevó,3.4441191665231616e-05,1,O
3189,llorar,3.4441191665231616e-05,1,O
3190,lo,0.009299121749612537,270,O
3191,local,0.05555555555555555,4,B-neutral
3192,localizacion,0.0008620689655172414,1,B-positive
3193,localización,0.0008620689655172414,1,B-positive
3194,lograda,6.888238333046323e-05,2,O
3195,logrado,3.4441191665231616e-05,1,O
3196,logrados,6.888238333046323e-05,2,O
3197,logístico,0.005847953216374269,1,I-negative
3198,logísticos,3.4441191665231616e-05,1,O
3199,longaniza,6.888238333046323e-05,2,O
3200,los,0.00850697434131221,247,O
3201,lotería,3.4441191665231616e-05,1,O
3202,low,3.4441191665231616e-05,1,O
3203,lubina,3.4441191665231616e-05,1,O
3204,luego,0.0006888238333046323,20,O
3205,lugar,0.014655172413793103,17,B-positive
3206,lugares,3.4441191665231616e-05,1,O
3207,luis,6.888238333046323e-05,2,O
3208,lujo,0.00013776476666092647,4,O
3209,lujo.el,3.4441191665231616e-05,1,O
3210,lujos,3.4441191665231616e-05,1,O
3211,luminosidad,3.4441191665231616e-05,1,O
3212,luminoso,6.888238333046323e-05,2,O
3213,lunes,3.4441191665231616e-05,1,O
3214,luz,0.0026246719160104987,1,B-negative
3215,láminas,3.4441191665231616e-05,1,O
3216,límites,3.4441191665231616e-05,1,O
3217,línea,0.00010332357499569486,3,O
3218,líquido,6.888238333046323e-05,2,O
3219,lúgubre,3.4441191665231616e-05,1,O
3220,macarrones,3.4441191665231616e-05,1,O
3221,maceradas,3.4441191665231616e-05,1,O
3222,madera,3.4441191665231616e-05,1,O
3223,madre.han,3.4441191665231616e-05,1,O
3224,magnifica,3.4441191665231616e-05,1,O
3225,magnifico,6.888238333046323e-05,2,O
3226,magnífica,6.888238333046323e-05,2,O
3227,magnífico,0.00010332357499569486,3,O
3228,magret,0.0026246719160104987,1,B-negative
3229,maitre,0.005249343832020997,2,B-negative
3230,maitrê,0.0008620689655172414,1,B-positive
3231,mal,0.0010676769416221802,31,O
3232,mala,0.00024108834165662132,7,O
3233,malas,6.888238333046323e-05,2,O
3234,malentendido,3.4441191665231616e-05,1,O
3235,malo,0.00024108834165662132,7,O
3236,malos,0.00013776476666092647,4,O
3237,mandan,3.4441191665231616e-05,1,O
3238,mandarina,0.0031847133757961785,1,I-positive
3239,mandé,3.4441191665231616e-05,1,O
3240,manera,0.00017220595832615808,5,O
3241,maneras,3.4441191665231616e-05,1,O
3242,mango,0.0031847133757961785,1,I-positive
3243,mangret,0.0008620689655172414,1,B-positive
3244,manitas,0.0031847133757961785,1,I-positive
3245,manos,3.4441191665231616e-05,1,O
3246,mantel,3.4441191665231616e-05,1,O
3247,manteles,0.0026246719160104987,1,B-negative
3248,manteniendo,3.4441191665231616e-05,1,O
3249,mantiene,3.4441191665231616e-05,1,O
3250,mantienen,0.00010332357499569486,3,O
3251,manzana,0.0031847133757961785,1,I-positive
3252,mar,0.0031847133757961785,1,I-positive
3253,maraton,3.4441191665231616e-05,1,O
3254,maravilla,0.00024108834165662132,7,O
3255,maravillas,3.4441191665231616e-05,1,O
3256,maravilloso,3.4441191665231616e-05,1,O
3257,maravilló,3.4441191665231616e-05,1,O
3258,marcaba,3.4441191665231616e-05,1,O
3259,marchamos,3.4441191665231616e-05,1,O
3260,marco,3.4441191665231616e-05,1,O
3261,margen,0.00013776476666092647,4,O
3262,marido,0.00010332357499569486,3,O
3263,marinado,0.023255813953488372,1,I-neutral
3264,marinera,3.4441191665231616e-05,1,O
3265,mariscada,0.0008620689655172414,1,B-positive
3266,marisco,0.0031847133757961785,1,I-positive
3267,mariscos,0.0017241379310344827,2,B-positive
3268,marron,3.4441191665231616e-05,1,O
3269,martes,0.00013776476666092647,4,O
3270,martini,3.4441191665231616e-05,1,O
3271,marzo,0.00010332357499569486,3,O
3272,mas,0.0017565007749268124,51,O
3273,masajes,3.4441191665231616e-05,1,O
3274,masia,0.00010332357499569486,3,O
3275,masticarlo,3.4441191665231616e-05,1,O
3276,mataba,3.4441191665231616e-05,1,O
3277,matambre,0.0008620689655172414,1,B-positive
3278,materia,0.002586206896551724,3,B-positive
3279,maxima,3.4441191665231616e-05,1,O
3280,mayo,6.888238333046323e-05,2,O
3281,mayor,0.00030997072498708454,9,O
3282,mayores,6.888238333046323e-05,2,O
3283,mayoria,3.4441191665231616e-05,1,O
3284,mayoría,3.4441191665231616e-05,1,O
3285,mañana,0.00010332357499569486,3,O
3286,me,0.004993972791458585,145,O
3287,mecanizado,3.4441191665231616e-05,1,O
3288,meccano,3.4441191665231616e-05,1,O
3289,media,0.00034441191665231615,10,O
3290,media-alta,3.4441191665231616e-05,1,O
3291,mediano,3.4441191665231616e-05,1,O
3292,medida,6.888238333046323e-05,2,O
3293,medidas,3.4441191665231616e-05,1,O
3294,medio,6.888238333046323e-05,2,O
3295,mediocre,0.00010332357499569486,3,O
3296,mediocres,6.888238333046323e-05,2,O
3297,mediodía,3.4441191665231616e-05,1,O
3298,mediterranea,3.4441191665231616e-05,1,O
3299,mediterránea,3.4441191665231616e-05,1,O
3300,mejicana,3.4441191665231616e-05,1,O
3301,mejillones,0.0026246719160104987,1,B-negative
3302,mejor,0.001722059583261581,50,O
3303,mejora,3.4441191665231616e-05,1,O
3304,mejorable,0.00013776476666092647,4,O
3305,mejorado,3.4441191665231616e-05,1,O
3306,mejoran,3.4441191665231616e-05,1,O
3307,mejorando,3.4441191665231616e-05,1,O
3308,mejorar,0.00037885310831754776,11,O
3309,mejorará,3.4441191665231616e-05,1,O
3310,mejores,0.00044773549164801103,13,O
3311,melocotón,3.4441191665231616e-05,1,O
3312,melon,0.0008620689655172414,1,B-positive
3313,meloso,3.4441191665231616e-05,1,O
3314,membrillo,6.888238333046323e-05,2,O
3315,mencionada,3.4441191665231616e-05,1,O
3316,mencionado,3.4441191665231616e-05,1,O
3317,menesteres,3.4441191665231616e-05,1,O
3318,menor,6.888238333046323e-05,2,O
3319,menos,0.0005855002583089375,17,O
3320,mental,3.4441191665231616e-05,1,O
3321,mente,3.4441191665231616e-05,1,O
3322,menu,0.013888888888888888,1,B-neutral
3323,menu.por,3.4441191665231616e-05,1,O
3324,menudo,3.4441191665231616e-05,1,O
3325,menus,0.0008620689655172414,1,B-positive
3326,menú,0.02413793103448276,28,B-positive
3327,menús,0.0017241379310344827,2,B-positive
3328,meramente,3.4441191665231616e-05,1,O
3329,mercado,0.00010332357499569486,3,O
3330,merece,0.00027552953332185293,8,O
3331,merecen,3.4441191665231616e-05,1,O
3332,mereceria,3.4441191665231616e-05,1,O
3333,merecería,3.4441191665231616e-05,1,O
3334,merecimientos,3.4441191665231616e-05,1,O
3335,mereció,3.4441191665231616e-05,1,O
3336,merecía,3.4441191665231616e-05,1,O
3337,merezca,3.4441191665231616e-05,1,O
3338,meri,3.4441191665231616e-05,1,O
3339,merluza,0.0017241379310344827,2,B-positive
3340,mes,6.888238333046323e-05,2,O
3341,mesa,0.0026246719160104987,1,B-negative
3342,mesas,0.02099737532808399,8,B-negative
3343,meses,0.00010332357499569486,3,O
3344,metres,0.0026246719160104987,1,B-negative
3345,metro,3.4441191665231616e-05,1,O
3346,metros,3.4441191665231616e-05,1,O
3347,mi,0.0024797657998966763,72,O
3348,mi-cuit,3.4441191665231616e-05,1,O
3349,mia,3.4441191665231616e-05,1,O
3350,michelin,0.00010332357499569486,3,O
3351,michelín,3.4441191665231616e-05,1,O
3352,microondas,6.888238333046323e-05,2,O
3353,miedo,6.888238333046323e-05,2,O
3354,miel,3.4441191665231616e-05,1,O
3355,mientras,0.00010332357499569486,3,O
3356,migas,3.4441191665231616e-05,1,O
3357,millor,3.4441191665231616e-05,1,O
3358,mini,3.4441191665231616e-05,1,O
3359,miniatura,3.4441191665231616e-05,1,O
3360,minimalista,3.4441191665231616e-05,1,O
3361,minimalista.Del,3.4441191665231616e-05,1,O
3362,minimalistas,3.4441191665231616e-05,1,O
3363,minimo,3.4441191665231616e-05,1,O
3364,mintieron,3.4441191665231616e-05,1,O
3365,minucioso,3.4441191665231616e-05,1,O
3366,minutos,0.00010332357499569486,3,O
3367,mira,3.4441191665231616e-05,1,O
3368,mirabamos,3.4441191665231616e-05,1,O
3369,miramiento,3.4441191665231616e-05,1,O
3370,mirando,3.4441191665231616e-05,1,O
3371,mis,0.00044773549164801103,13,O
3372,misma,6.888238333046323e-05,2,O
3373,mismas,3.4441191665231616e-05,1,O
3374,mismo,0.0005855002583089375,17,O
3375,mismos,6.888238333046323e-05,2,O
3376,misterio,3.4441191665231616e-05,1,O
3377,mitad,0.00010332357499569486,3,O
3378,mivida,3.4441191665231616e-05,1,O
3379,mixta,0.0031847133757961785,1,I-positive
3380,miércoles,6.888238333046323e-05,2,O
3381,mo,3.4441191665231616e-05,1,O
3382,mobiliario,0.0026246719160104987,1,B-negative
3383,moderación,3.4441191665231616e-05,1,O
3384,moderna,3.4441191665231616e-05,1,O
3385,modernas,6.888238333046323e-05,2,O
3386,modernidad,3.4441191665231616e-05,1,O
3387,moderno,0.00017220595832615808,5,O
3388,modernos,3.4441191665231616e-05,1,O
3389,modo,6.888238333046323e-05,2,O
3390,mofa,3.4441191665231616e-05,1,O
3391,molesta,3.4441191665231616e-05,1,O
3392,molestaba,3.4441191665231616e-05,1,O
3393,molestaban,3.4441191665231616e-05,1,O
3394,molestado,3.4441191665231616e-05,1,O
3395,molestan,3.4441191665231616e-05,1,O
3396,molesten,6.888238333046323e-05,2,O
3397,molestia,3.4441191665231616e-05,1,O
3398,molesto,3.4441191665231616e-05,1,O
3399,molt,3.4441191665231616e-05,1,O
3400,momento,0.0006543826416394007,19,O
3401,momento.Solamente,3.4441191665231616e-05,1,O
3402,momentos,6.888238333046323e-05,2,O
3403,mono,6.888238333046323e-05,2,O
3404,montados,3.4441191665231616e-05,1,O
3405,montar,6.888238333046323e-05,2,O
3406,montecito,3.4441191665231616e-05,1,O
3407,monton,3.4441191665231616e-05,1,O
3408,montón,3.4441191665231616e-05,1,O
3409,morcilla,3.4441191665231616e-05,1,O
3410,morro,6.888238333046323e-05,2,O
3411,moscatel,0.0031847133757961785,1,I-positive
3412,moscones,3.4441191665231616e-05,1,O
3413,mostaza,3.4441191665231616e-05,1,O
3414,mostrarla,3.4441191665231616e-05,1,O
3415,mostraron,3.4441191665231616e-05,1,O
3416,motivo,0.00010332357499569486,3,O
3417,motivos,0.00010332357499569486,3,O
3418,mousse,3.4441191665231616e-05,1,O
3419,mozzarella,3.4441191665231616e-05,1,O
3420,mu,3.4441191665231616e-05,1,O
3421,mucha,0.0005166178749784743,15,O
3422,muchas,0.00010332357499569486,3,O
3423,muchisimo,3.4441191665231616e-05,1,O
3424,muchisimos,3.4441191665231616e-05,1,O
3425,mucho,0.005847953216374269,1,I-negative
3426,muchos,0.00037885310831754776,11,O
3427,muchísimo,3.4441191665231616e-05,1,O
3428,mujer,0.00034441191665231615,10,O
3429,mundillo,3.4441191665231616e-05,1,O
3430,mundo,0.00010332357499569486,3,O
3431,murmullo,3.4441191665231616e-05,1,O
3432,musclos,0.0026246719160104987,1,B-negative
3433,musica,0.005249343832020997,2,B-negative
3434,muuucho,3.4441191665231616e-05,1,O
3435,muy,0.01363871189943172,396,O
3436,myuy,3.4441191665231616e-05,1,O
3437,más,0.0024797657998966763,72,O
3438,máxima,3.4441191665231616e-05,1,O
3439,médula,3.4441191665231616e-05,1,O
3440,mí,0.00034441191665231615,10,O
3441,mía,6.888238333046323e-05,2,O
3442,mínima,3.4441191665231616e-05,1,O
3443,música,0.0008620689655172414,1,B-positive
3444,nada,0.0016531771999311177,48,O
3445,nadando,3.4441191665231616e-05,1,O
3446,nadie,0.00034441191665231615,10,O
3447,napando,3.4441191665231616e-05,1,O
3448,naranja,0.011695906432748537,2,I-negative
3449,narices,3.4441191665231616e-05,1,O
3450,nata,0.00010332357499569486,3,O
3451,natural,0.0031847133757961785,1,I-positive
3452,nature,3.4441191665231616e-05,1,O
3453,navajas,0.0026246719160104987,1,B-negative
3454,navidad,6.888238333046323e-05,2,O
3455,necesidad,6.888238333046323e-05,2,O
3456,necesitaba,3.4441191665231616e-05,1,O
3457,necesitas,3.4441191665231616e-05,1,O
3458,negaban,3.4441191665231616e-05,1,O
3459,negativa,3.4441191665231616e-05,1,O
3460,negativas,3.4441191665231616e-05,1,O
3461,negativo,0.00013776476666092647,4,O
3462,negligente,3.4441191665231616e-05,1,O
3463,negocio,6.888238333046323e-05,2,O
3464,negocios,0.00010332357499569486,3,O
3465,negra,6.888238333046323e-05,2,O
3466,neumático,3.4441191665231616e-05,1,O
3467,new,3.4441191665231616e-05,1,O
3468,ni,0.0014120888582744963,41,O
3469,nieto,0.005847953216374269,1,I-negative
3470,ningun,0.00013776476666092647,4,O
3471,ninguna,0.00024108834165662132,7,O
3472,ningún,0.00024108834165662132,7,O
3473,ningúna,3.4441191665231616e-05,1,O
3474,nitrógeno,3.4441191665231616e-05,1,O
3475,nivel,0.00034441191665231615,10,O
3476,niños,0.0031847133757961785,1,I-positive
3477,no,0.012708799724470466,369,O
3478,no-recomendación,3.4441191665231616e-05,1,O
3479,noche,0.0005855002583089375,17,O
3480,noches,3.4441191665231616e-05,1,O
3481,nombrar,3.4441191665231616e-05,1,O
3482,nombre,0.0002066471499913897,6,O
3483,normal,0.0004132942999827794,12,O
3484,normales,3.4441191665231616e-05,1,O
3485,normalmente,3.4441191665231616e-05,1,O
3486,nos,0.005028413983123816,146,O
3487,nosotros,0.00034441191665231615,10,O
3488,nota,0.00027552953332185293,8,O
3489,notable,6.888238333046323e-05,2,O
3490,note,3.4441191665231616e-05,1,O
3491,notoria,3.4441191665231616e-05,1,O
3492,novatada,3.4441191665231616e-05,1,O
3493,novia,3.4441191665231616e-05,1,O
3494,noviembre,6.888238333046323e-05,2,O
3495,novio,3.4441191665231616e-05,1,O
3496,nubes,3.4441191665231616e-05,1,O
3497,nuestra,0.00048217668331324264,14,O
3498,nuestras,0.00013776476666092647,4,O
3499,nuestro,0.0004132942999827794,12,O
3500,nuestros,0.0002066471499913897,6,O
3501,nuevas,3.4441191665231616e-05,1,O
3502,nueve,3.4441191665231616e-05,1,O
3503,nuevo,0.00017220595832615808,5,O
3504,nuevos,6.888238333046323e-05,2,O
3505,nula,3.4441191665231616e-05,1,O
3506,numero,6.888238333046323e-05,2,O
3507,numerosos,3.4441191665231616e-05,1,O
3508,nunca,0.0005166178749784743,15,O
3509,número,0.00010332357499569486,3,O
3510,o,0.0018253831582572756,53,O
3511,objecion,3.4441191665231616e-05,1,O
3512,objetar,6.888238333046323e-05,2,O
3513,objeto,3.4441191665231616e-05,1,O
3514,obligatorio,3.4441191665231616e-05,1,O
3515,obra,6.888238333046323e-05,2,O
3516,obsequiaron,3.4441191665231616e-05,1,O
3517,observación,3.4441191665231616e-05,1,O
3518,obstante,0.00010332357499569486,3,O
3519,obtener,3.4441191665231616e-05,1,O
3520,ocasiones,0.00017220595832615808,5,O
3521,ocasión,0.00010332357499569486,3,O
3522,ocho,3.4441191665231616e-05,1,O
3523,octubre,6.888238333046323e-05,2,O
3524,ocupado,3.4441191665231616e-05,1,O
3525,ocupan,3.4441191665231616e-05,1,O
3526,ocupar,3.4441191665231616e-05,1,O
3527,ocuriría,3.4441191665231616e-05,1,O
3528,ocurrió,3.4441191665231616e-05,1,O
3529,oferta,0.0026246719160104987,1,B-negative
3530,ofertas,3.4441191665231616e-05,1,O
3531,ofrece,6.888238333046323e-05,2,O
3532,ofrecen,0.00017220595832615808,5,O
3533,ofrecer,6.888238333046323e-05,2,O
3534,ofrecido,0.00013776476666092647,4,O
3535,ofrecidos,3.4441191665231616e-05,1,O
3536,ofrecieron,0.0002066471499913897,6,O
3537,ofrecimiento,3.4441191665231616e-05,1,O
3538,ofreció,3.4441191665231616e-05,1,O
3539,oh,3.4441191665231616e-05,1,O
3540,oido,3.4441191665231616e-05,1,O
3541,oir,3.4441191665231616e-05,1,O
3542,oirte,3.4441191665231616e-05,1,O
3543,ojo,6.888238333046323e-05,2,O
3544,ojos,3.4441191665231616e-05,1,O
3545,ok,6.888238333046323e-05,2,O
3546,oleosas,3.4441191665231616e-05,1,O
3547,oliva,0.00010332357499569486,3,O
3548,olive,3.4441191665231616e-05,1,O
3549,olor,0.005249343832020997,2,B-negative
3550,olorosos,3.4441191665231616e-05,1,O
3551,olvidaba,3.4441191665231616e-05,1,O
3552,olvidado,3.4441191665231616e-05,1,O
3553,olvidar,0.00013776476666092647,4,O
3554,olvide,3.4441191665231616e-05,1,O
3555,opcion,0.0031847133757961785,1,I-positive
3556,opciones,6.888238333046323e-05,2,O
3557,opción,0.00017220595832615808,5,O
3558,opinar,0.00010332357499569486,3,O
3559,opinen,3.4441191665231616e-05,1,O
3560,opinion,0.00010332357499569486,3,O
3561,opiniones,6.888238333046323e-05,2,O
3562,opinión,0.00044773549164801103,13,O
3563,opino,3.4441191665231616e-05,1,O
3564,oportos,3.4441191665231616e-05,1,O
3565,oportunamente,3.4441191665231616e-05,1,O
3566,oportuno,3.4441191665231616e-05,1,O
3567,optar,3.4441191665231616e-05,1,O
3568,orden,3.4441191665231616e-05,1,O
3569,orejas,3.4441191665231616e-05,1,O
3570,orejones,0.0008620689655172414,1,B-positive
3571,organizada,3.4441191665231616e-05,1,O
3572,organizáis,3.4441191665231616e-05,1,O
3573,origen,3.4441191665231616e-05,1,O
3574,original,6.888238333046323e-05,2,O
3575,originales,3.4441191665231616e-05,1,O
3576,originalidad,3.4441191665231616e-05,1,O
3577,originarl,3.4441191665231616e-05,1,O
3578,orquesta,3.4441191665231616e-05,1,O
3579,orrio,0.005847953216374269,1,I-negative
3580,ortigillas,3.4441191665231616e-05,1,O
3581,ortiguillas,0.0008620689655172414,1,B-positive
3582,ortográficos,3.4441191665231616e-05,1,O
3583,os,0.00048217668331324264,14,O
3584,osera,3.4441191665231616e-05,1,O
3585,ostras,0.0026246719160104987,1,B-negative
3586,otra,0.0005855002583089375,17,O
3587,otras,0.00034441191665231615,10,O
3588,otro,0.0005510590666437059,16,O
3589,otros,0.0006543826416394007,19,O
3590,ounto,3.4441191665231616e-05,1,O
3591,ovación,3.4441191665231616e-05,1,O
3592,oveja,3.4441191665231616e-05,1,O
3593,oyendo,3.4441191665231616e-05,1,O
3594,oyes,3.4441191665231616e-05,1,O
3595,oían,3.4441191665231616e-05,1,O
3596,p,3.4441191665231616e-05,1,O
3597,paciencia,3.4441191665231616e-05,1,O
3598,pactado,3.4441191665231616e-05,1,O
3599,padre,0.00010332357499569486,3,O
3600,padres,3.4441191665231616e-05,1,O
3601,padrón,3.4441191665231616e-05,1,O
3602,paella,0.013123359580052493,5,B-negative
3603,paellas,0.0017241379310344827,2,B-positive
3604,paga,0.00010332357499569486,3,O
3605,pagado,0.00030997072498708454,9,O
3606,pagando,3.4441191665231616e-05,1,O
3607,pagar,0.00013776476666092647,4,O
3608,pagarlo,3.4441191665231616e-05,1,O
3609,pagina,3.4441191665231616e-05,1,O
3610,pague,0.00010332357499569486,3,O
3611,pagué,3.4441191665231616e-05,1,O
3612,pakistaní,3.4441191665231616e-05,1,O
3613,palabras,3.4441191665231616e-05,1,O
3614,paladar,3.4441191665231616e-05,1,O
3615,paladares,3.4441191665231616e-05,1,O
3616,paletilla,0.0008620689655172414,1,B-positive
3617,palo,0.023255813953488372,1,I-neutral
3618,pan,0.011695906432748537,2,I-negative
3619,panes,3.4441191665231616e-05,1,O
3620,pantalla,3.4441191665231616e-05,1,O
3621,papeles,3.4441191665231616e-05,1,O
3622,par,0.00027552953332185293,8,O
3623,para,0.006578267608059239,191,O
3624,parace,3.4441191665231616e-05,1,O
3625,parametros,3.4441191665231616e-05,1,O
3626,parece,0.0007921474083003272,23,O
3627,parecia,3.4441191665231616e-05,1,O
3628,parecian,3.4441191665231616e-05,1,O
3629,parecidas,3.4441191665231616e-05,1,O
3630,parecieron,3.4441191665231616e-05,1,O
3631,parecio,0.00013776476666092647,4,O
3632,pareció,0.00024108834165662132,7,O
3633,parecía,0.00010332357499569486,3,O
3634,paredes,0.00010332357499569486,3,O
3635,pareja,0.00044773549164801103,13,O
3636,parejas,0.00013776476666092647,4,O
3637,parellada,3.4441191665231616e-05,1,O
3638,parese,3.4441191665231616e-05,1,O
3639,parezca,3.4441191665231616e-05,1,O
3640,paris,3.4441191665231616e-05,1,O
3641,paro,3.4441191665231616e-05,1,O
3642,parque,3.4441191665231616e-05,1,O
3643,parriladas,0.0008620689655172414,1,B-positive
3644,parrilla,0.0031847133757961785,1,I-positive
3645,parte,0.0004132942999827794,12,O
3646,partes,3.4441191665231616e-05,1,O
3647,particularmente,3.4441191665231616e-05,1,O
3648,partido,3.4441191665231616e-05,1,O
3649,partir,6.888238333046323e-05,2,O
3650,parámetros,3.4441191665231616e-05,1,O
3651,pasa,0.00010332357499569486,3,O
3652,pasaba,3.4441191665231616e-05,1,O
3653,pasable,3.4441191665231616e-05,1,O
3654,pasada,0.00017220595832615808,5,O
3655,pasado,0.0005855002583089375,17,O
3656,pasamos,6.888238333046323e-05,2,O
3657,pasan,3.4441191665231616e-05,1,O
3658,pasando,0.00013776476666092647,4,O
3659,pasar,0.00030997072498708454,9,O
3660,pasaron,3.4441191665231616e-05,1,O
3661,pasarse,3.4441191665231616e-05,1,O
3662,pasará,3.4441191665231616e-05,1,O
3663,pase,3.4441191665231616e-05,1,O
3664,pasiega,3.4441191665231616e-05,1,O
3665,paso,0.00017220595832615808,5,O
3666,pasta,0.013888888888888888,1,B-neutral
3667,pastas,0.0008620689655172414,1,B-positive
3668,pastelería,3.4441191665231616e-05,1,O
3669,pastelitos,3.4441191665231616e-05,1,O
3670,pastilla,3.4441191665231616e-05,1,O
3671,pasó,3.4441191665231616e-05,1,O
3672,patata,6.888238333046323e-05,2,O
3673,patatas,0.005847953216374269,1,I-negative
3674,pato,0.006369426751592357,2,I-positive
3675,pavo,3.4441191665231616e-05,1,O
3676,países,3.4441191665231616e-05,1,O
3677,peazo,3.4441191665231616e-05,1,O
3678,pechugas,3.4441191665231616e-05,1,O
3679,pedi,3.4441191665231616e-05,1,O
3680,pedidas,3.4441191665231616e-05,1,O
3681,pedido,0.0031847133757961785,1,I-positive
3682,pedimos,0.0004132942999827794,12,O
3683,pediomos,3.4441191665231616e-05,1,O
3684,pedir,0.00048217668331324264,14,O
3685,pediremos,3.4441191665231616e-05,1,O
3686,pedirla,3.4441191665231616e-05,1,O
3687,pedirlo,3.4441191665231616e-05,1,O
3688,pediré,3.4441191665231616e-05,1,O
3689,pedro,3.4441191665231616e-05,1,O
3690,pedí,0.00010332357499569486,3,O
3691,pega,0.00024108834165662132,7,O
3692,pegados,3.4441191665231616e-05,1,O
3693,peladas,3.4441191665231616e-05,1,O
3694,pelar,3.4441191665231616e-05,1,O
3695,pelitos,3.4441191665231616e-05,1,O
3696,pelo,6.888238333046323e-05,2,O
3697,pelota,3.4441191665231616e-05,1,O
3698,pelín,3.4441191665231616e-05,1,O
3699,pena,0.0006888238333046323,20,O
3700,penas,3.4441191665231616e-05,1,O
3701,pensaba,3.4441191665231616e-05,1,O
3702,pensabamos,3.4441191665231616e-05,1,O
3703,pensado,6.888238333046323e-05,2,O
3704,pensamos,3.4441191665231616e-05,1,O
3705,pensando,3.4441191665231616e-05,1,O
3706,pensar,6.888238333046323e-05,2,O
3707,pense,3.4441191665231616e-05,1,O
3708,peor,0.00030997072498708454,9,O
3709,peque,3.4441191665231616e-05,1,O
3710,pequeña,0.00010332357499569486,3,O
3711,pequeñas,0.00010332357499569486,3,O
3712,pequeñito,6.888238333046323e-05,2,O
3713,pequeño,0.00024108834165662132,7,O
3714,pequeños,0.0008620689655172414,1,B-positive
3715,percheros,0.0026246719160104987,1,B-negative
3716,perdido,0.00010332357499569486,3,O
3717,perdiendo,3.4441191665231616e-05,1,O
3718,perdió,3.4441191665231616e-05,1,O
3719,perdón,3.4441191665231616e-05,1,O
3720,perfección,3.4441191665231616e-05,1,O
3721,perfecta,0.0002066471499913897,6,O
3722,perfecto,0.0008265885999655589,24,O
3723,perfectos,6.888238333046323e-05,2,O
3724,perjudicar,3.4441191665231616e-05,1,O
3725,permitian,3.4441191665231616e-05,1,O
3726,permitida,3.4441191665231616e-05,1,O
3727,permitido,3.4441191665231616e-05,1,O
3728,permitía,3.4441191665231616e-05,1,O
3729,pero,0.023255813953488372,1,I-neutral
3730,peros,3.4441191665231616e-05,1,O
3731,perros,3.4441191665231616e-05,1,O
3732,pers,3.4441191665231616e-05,1,O
3733,persona,0.0010332357499569485,30,O
3734,personal,0.015517241379310345,18,B-positive
3735,personales,3.4441191665231616e-05,1,O
3736,personalmente,0.00017220595832615808,5,O
3737,personas,0.0011365593249526434,33,O
3738,personas.Unicamente,3.4441191665231616e-05,1,O
3739,pertinentes,3.4441191665231616e-05,1,O
3740,pesadez,3.4441191665231616e-05,1,O
3741,pesado,3.4441191665231616e-05,1,O
3742,pesar,0.00027552953332185293,8,O
3743,pesará,3.4441191665231616e-05,1,O
3744,pescado,0.013888888888888888,1,B-neutral
3745,pescados,0.0008620689655172414,1,B-positive
3746,pescaitos,3.4441191665231616e-05,1,O
3747,pese,3.4441191665231616e-05,1,O
3748,pesimo,3.4441191665231616e-05,1,O
3749,peso,6.888238333046323e-05,2,O
3750,pesó,3.4441191665231616e-05,1,O
3751,peticion,3.4441191665231616e-05,1,O
3752,petición,3.4441191665231616e-05,1,O
3753,pettite,3.4441191665231616e-05,1,O
3754,pica,0.023255813953488372,1,I-neutral
3755,picantes,3.4441191665231616e-05,1,O
3756,pichi,3.4441191665231616e-05,1,O
3757,picotear,3.4441191665231616e-05,1,O
3758,pidais,3.4441191665231616e-05,1,O
3759,pidas,6.888238333046323e-05,2,O
3760,pides,3.4441191665231616e-05,1,O
3761,pidió,0.00010332357499569486,3,O
3762,pie,6.888238333046323e-05,2,O
3763,piede,3.4441191665231616e-05,1,O
3764,piedras,3.4441191665231616e-05,1,O
3765,piel,6.888238333046323e-05,2,O
3766,piensa,3.4441191665231616e-05,1,O
3767,piensan.Hace,3.4441191665231616e-05,1,O
3768,pienso,0.00017220595832615808,5,O
3769,pierde,3.4441191665231616e-05,1,O
3770,piezas,6.888238333046323e-05,2,O
3771,pil,0.046511627906976744,2,I-neutral
3772,pilar,3.4441191665231616e-05,1,O
3773,pilas,3.4441191665231616e-05,1,O
3774,pimentón,6.888238333046323e-05,2,O
3775,pimienta,0.0031847133757961785,1,I-positive
3776,pimiento,3.4441191665231616e-05,1,O
3777,pimientos,0.0026246719160104987,1,B-negative
3778,pincelada,6.888238333046323e-05,2,O
3779,pincho,3.4441191665231616e-05,1,O
3780,pinchos,0.0026246719160104987,1,B-negative
3781,pinco,3.4441191665231616e-05,1,O
3782,pinganillos,3.4441191665231616e-05,1,O
3783,pinta,3.4441191665231616e-05,1,O
3784,pirenaicos,3.4441191665231616e-05,1,O
3785,piscina,3.4441191665231616e-05,1,O
3786,piseis,3.4441191665231616e-05,1,O
3787,piso,3.4441191665231616e-05,1,O
3788,pizz,0.005847953216374269,1,I-negative
3789,pizza,0.0026246719160104987,1,B-negative
3790,pizzas,0.0017241379310344827,2,B-positive
3791,pizzería-grill,3.4441191665231616e-05,1,O
3792,piña,0.0026246719160104987,1,B-negative
3793,placer,6.888238333046323e-05,2,O
3794,plan,6.888238333046323e-05,2,O
3795,plana,3.4441191665231616e-05,1,O
3796,plancha,0.023255813953488372,1,I-neutral
3797,planta,3.4441191665231616e-05,1,O
3798,plantearse,3.4441191665231616e-05,1,O
3799,plastico,3.4441191665231616e-05,1,O
3800,platano,3.4441191665231616e-05,1,O
3801,platitos,0.0026246719160104987,1,B-negative
3802,plato,0.02099737532808399,8,B-negative
3803,platos,0.026246719160104987,10,B-negative
3804,platos.No,3.4441191665231616e-05,1,O
3805,playa,3.4441191665231616e-05,1,O
3806,plenamente,3.4441191665231616e-05,1,O
3807,pleno,0.00010332357499569486,3,O
3808,pna,3.4441191665231616e-05,1,O
3809,pobre,6.888238333046323e-05,2,O
3810,poca,0.00030997072498708454,9,O
3811,pocas,0.0002066471499913897,6,O
3812,pochado,0.0031847133757961785,1,I-positive
3813,poché,0.0031847133757961785,1,I-positive
3814,poco,0.0018942655415877389,55,O
3815,pocos,0.00027552953332185293,8,O
3816,podeis,3.4441191665231616e-05,1,O
3817,podemos,0.00010332357499569486,3,O
3818,poder,0.0002066471499913897,6,O
3819,podian,6.888238333046323e-05,2,O
3820,podido,3.4441191665231616e-05,1,O
3821,podremos,3.4441191665231616e-05,1,O
3822,podria,6.888238333046323e-05,2,O
3823,podrás,3.4441191665231616e-05,1,O
3824,podría,3.4441191665231616e-05,1,O
3825,podríamos,3.4441191665231616e-05,1,O
3826,podrían,0.0002066471499913897,6,O
3827,podía,3.4441191665231616e-05,1,O
3828,podíamos,6.888238333046323e-05,2,O
3829,podían,3.4441191665231616e-05,1,O
3830,politico,3.4441191665231616e-05,1,O
3831,politiqueos,3.4441191665231616e-05,1,O
3832,pollo,3.4441191665231616e-05,1,O
3833,pollos,3.4441191665231616e-05,1,O
3834,pondria,6.888238333046323e-05,2,O
3835,pone,0.00010332357499569486,3,O
3836,poneis,3.4441191665231616e-05,1,O
3837,ponen,3.4441191665231616e-05,1,O
3838,poner,0.00017220595832615808,5,O
3839,ponerle,6.888238333046323e-05,2,O
3840,ponerlo,3.4441191665231616e-05,1,O
3841,poneros,3.4441191665231616e-05,1,O
3842,pones,6.888238333046323e-05,2,O
3843,ponga,3.4441191665231616e-05,1,O
3844,pongan,3.4441191665231616e-05,1,O
3845,pongas,3.4441191665231616e-05,1,O
3846,pongo,6.888238333046323e-05,2,O
3847,ponia,3.4441191665231616e-05,1,O
3848,populista,3.4441191665231616e-05,1,O
3849,poquito,6.888238333046323e-05,2,O
3850,por,0.008644739107973136,251,O
3851,porcierto,3.4441191665231616e-05,1,O
3852,porciones,3.4441191665231616e-05,1,O
3853,porqeu,3.4441191665231616e-05,1,O
3854,porque,0.0011365593249526434,33,O
3855,porqué,6.888238333046323e-05,2,O
3856,portero,3.4441191665231616e-05,1,O
3857,posibilidad,3.4441191665231616e-05,1,O
3858,posible,0.00027552953332185293,8,O
3859,posición,3.4441191665231616e-05,1,O
3860,positiva,3.4441191665231616e-05,1,O
3861,positivas,3.4441191665231616e-05,1,O
3862,posos,3.4441191665231616e-05,1,O
3863,posterior,3.4441191665231616e-05,1,O
3864,postre,0.013888888888888888,1,B-neutral
3865,postres,0.015748031496062992,6,B-negative
3866,pp,6.888238333046323e-05,2,O
3867,pq,3.4441191665231616e-05,1,O
3868,practica,3.4441191665231616e-05,1,O
3869,precio,0.013888888888888888,1,B-neutral
3870,precios,0.005847953216374269,1,I-negative
3871,preciosa,3.4441191665231616e-05,1,O
3872,precioso,0.00010332357499569486,3,O
3873,precisamente,6.888238333046323e-05,2,O
3874,predilecto,3.4441191665231616e-05,1,O
3875,prefabricada,3.4441191665231616e-05,1,O
3876,preferido,3.4441191665231616e-05,1,O
3877,preferidos,3.4441191665231616e-05,1,O
3878,prefiero,3.4441191665231616e-05,1,O
3879,pregunta,0.00013776476666092647,4,O
3880,preguntamos,3.4441191665231616e-05,1,O
3881,preguntar,3.4441191665231616e-05,1,O
3882,preguntaran,3.4441191665231616e-05,1,O
3883,preguntarnos,3.4441191665231616e-05,1,O
3884,preguntas,6.888238333046323e-05,2,O
3885,pregunten,3.4441191665231616e-05,1,O
3886,preguntándo,3.4441191665231616e-05,1,O
3887,preguntándonos,3.4441191665231616e-05,1,O
3888,prejuicios,3.4441191665231616e-05,1,O
3889,premio,3.4441191665231616e-05,1,O
3890,preocupándose,3.4441191665231616e-05,1,O
3891,prepado,3.4441191665231616e-05,1,O
3892,prepara,6.888238333046323e-05,2,O
3893,preparacion,3.4441191665231616e-05,1,O
3894,preparación,3.4441191665231616e-05,1,O
3895,preparada,6.888238333046323e-05,2,O
3896,preparadas,3.4441191665231616e-05,1,O
3897,preparados,3.4441191665231616e-05,1,O
3898,preparan,3.4441191665231616e-05,1,O
3899,preparar,3.4441191665231616e-05,1,O
3900,prepararon,3.4441191665231616e-05,1,O
3901,presa,3.4441191665231616e-05,1,O
3902,presencia,6.888238333046323e-05,2,O
3903,presenta,6.888238333046323e-05,2,O
3904,presentacion,0.0008620689655172414,1,B-positive
3905,presentaciones,0.0017241379310344827,2,B-positive
3906,presentación,0.002586206896551724,3,B-positive
3907,presentada,6.888238333046323e-05,2,O
3908,presentado,0.00013776476666092647,4,O
3909,presentador,3.4441191665231616e-05,1,O
3910,presentados,6.888238333046323e-05,2,O
3911,presentamos,3.4441191665231616e-05,1,O
3912,presentar,6.888238333046323e-05,2,O
3913,presentaron,6.888238333046323e-05,2,O
3914,presentes,3.4441191665231616e-05,1,O
3915,presta,3.4441191665231616e-05,1,O
3916,prestado,3.4441191665231616e-05,1,O
3917,pretencioso,3.4441191665231616e-05,1,O
3918,pretensiones,3.4441191665231616e-05,1,O
3919,pretos,3.4441191665231616e-05,1,O
3920,previa,3.4441191665231616e-05,1,O
3921,previamente,0.00010332357499569486,3,O
3922,previsto,3.4441191665231616e-05,1,O
3923,prima,0.009554140127388535,3,I-positive
3924,primer,0.00030997072498708454,9,O
3925,primera,0.0005510590666437059,16,O
3926,primero,0.00027552953332185293,8,O
3927,primeros,0.00013776476666092647,4,O
3928,principal,0.00017220595832615808,5,O
3929,principales,6.888238333046323e-05,2,O
3930,principalmente,3.4441191665231616e-05,1,O
3931,principio,0.00013776476666092647,4,O
3932,prisas,3.4441191665231616e-05,1,O
3933,privacidad,3.4441191665231616e-05,1,O
3934,privados,6.888238333046323e-05,2,O
3935,privilegiado,3.4441191665231616e-05,1,O
3936,probad,3.4441191665231616e-05,1,O
3937,probado,0.00048217668331324264,14,O
3938,probamos,0.00013776476666092647,4,O
3939,probar,0.0002066471499913897,6,O
3940,probaran,6.888238333046323e-05,2,O
3941,probarlas,3.4441191665231616e-05,1,O
3942,probarlo,6.888238333046323e-05,2,O
3943,probarlos,3.4441191665231616e-05,1,O
3944,probaron,3.4441191665231616e-05,1,O
3945,problema,0.00027552953332185293,8,O
3946,problemas,3.4441191665231616e-05,1,O
3947,probé,6.888238333046323e-05,2,O
3948,procedimientos,0.0008620689655172414,1,B-positive
3949,producto,0.008620689655172414,10,B-positive
3950,productos,0.005172413793103448,6,B-positive
3951,profesional,0.00034441191665231615,10,O
3952,profesionales,0.00010332357499569486,3,O
3953,profesionalidad,0.00024108834165662132,7,O
3954,prohibitivo,3.4441191665231616e-05,1,O
3955,prometido,3.4441191665231616e-05,1,O
3956,promocional,0.0031847133757961785,1,I-positive
3957,promoción,6.888238333046323e-05,2,O
3958,prontitud,3.4441191665231616e-05,1,O
3959,pronto,0.00013776476666092647,4,O
3960,propaganda,3.4441191665231616e-05,1,O
3961,propia,3.4441191665231616e-05,1,O
3962,propietaria,0.0031847133757961785,1,I-positive
3963,propietario,0.0026246719160104987,1,B-negative
3964,propio,3.4441191665231616e-05,1,O
3965,propios,3.4441191665231616e-05,1,O
3966,proponen,3.4441191665231616e-05,1,O
3967,proporcion,3.4441191665231616e-05,1,O
3968,propuesta,3.4441191665231616e-05,1,O
3969,protagonistas,3.4441191665231616e-05,1,O
3970,provenzal,0.005847953216374269,1,I-negative
3971,provisonales,3.4441191665231616e-05,1,O
3972,proxima,3.4441191665231616e-05,1,O
3973,proximas,3.4441191665231616e-05,1,O
3974,prudencia,3.4441191665231616e-05,1,O
3975,pruductos,6.888238333046323e-05,2,O
3976,prueba,0.00010332357499569486,3,O
3977,prueben,3.4441191665231616e-05,1,O
3978,prácticamente,6.888238333046323e-05,2,O
3979,próxima,0.00010332357499569486,3,O
3980,próximo,6.888238333046323e-05,2,O
3981,publicidad,3.4441191665231616e-05,1,O
3982,publicitan,3.4441191665231616e-05,1,O
3983,publico,3.4441191665231616e-05,1,O
3984,pude,3.4441191665231616e-05,1,O
3985,pudiera,3.4441191665231616e-05,1,O
3986,pudieron,3.4441191665231616e-05,1,O
3987,pudiese,3.4441191665231616e-05,1,O
3988,pudimos,0.00010332357499569486,3,O
3989,pudin,3.4441191665231616e-05,1,O
3990,puding,0.0031847133757961785,1,I-positive
3991,pudo,6.888238333046323e-05,2,O
3992,pueblo,3.4441191665231616e-05,1,O
3993,pueda,6.888238333046323e-05,2,O
3994,puedas,0.00010332357499569486,3,O
3995,puede,0.0006543826416394007,19,O
3996,pueden,0.00010332357499569486,3,O
3997,puedes,0.00010332357499569486,3,O
3998,puedo,0.0005510590666437059,16,O
3999,puerros,0.005847953216374269,1,I-negative
4000,puerta,0.005249343832020997,2,B-negative
4001,puerto,0.0031847133757961785,1,I-positive
4002,pues,0.00030997072498708454,9,O
4003,puesta,3.4441191665231616e-05,1,O
4004,puesto,0.00034441191665231615,10,O
4005,puestos,3.4441191665231616e-05,1,O
4006,pulpo,0.005249343832020997,2,B-negative
4007,punto,0.0007577062166350955,22,O
4008,puntos,0.0017241379310344827,2,B-positive
4009,puntuacion,3.4441191665231616e-05,1,O
4010,puntuación,3.4441191665231616e-05,1,O
4011,puntuales,6.888238333046323e-05,2,O
4012,pure,0.0031847133757961785,1,I-positive
4013,puros,3.4441191665231616e-05,1,O
4014,pusiera,3.4441191665231616e-05,1,O
4015,pusieran,6.888238333046323e-05,2,O
4016,pusieron,0.00010332357499569486,3,O
4017,puso,3.4441191665231616e-05,1,O
4018,página,0.0002066471499913897,6,O
4019,pésima,0.00010332357499569486,3,O
4020,pésimo,3.4441191665231616e-05,1,O
4021,pésimos,3.4441191665231616e-05,1,O
4022,público,3.4441191665231616e-05,1,O
4023,q,0.00027552953332185293,8,O
4024,q-art,3.4441191665231616e-05,1,O
4025,qu,3.4441191665231616e-05,1,O
4026,que,0.029102806957120718,845,O
4027,queda,0.00017220595832615808,5,O
4028,quedaba,3.4441191665231616e-05,1,O
4029,quedado,0.00010332357499569486,3,O
4030,quedamos,0.00013776476666092647,4,O
4031,quedan,3.4441191665231616e-05,1,O
4032,quedar,0.00017220595832615808,5,O
4033,quedarnos,6.888238333046323e-05,2,O
4034,quedaron,0.00010332357499569486,3,O
4035,quedarse,3.4441191665231616e-05,1,O
4036,quedará,3.4441191665231616e-05,1,O
4037,quedaré,3.4441191665231616e-05,1,O
4038,quedas,6.888238333046323e-05,2,O
4039,quedé,0.00010332357499569486,3,O
4040,queen,3.4441191665231616e-05,1,O
4041,queja,0.00010332357499569486,3,O
4042,quejar,3.4441191665231616e-05,1,O
4043,quejarse,3.4441191665231616e-05,1,O
4044,quejo,3.4441191665231616e-05,1,O
4045,quema,3.4441191665231616e-05,1,O
4046,quere,3.4441191665231616e-05,1,O
4047,quereis,3.4441191665231616e-05,1,O
4048,queremos,3.4441191665231616e-05,1,O
4049,querer,6.888238333046323e-05,2,O
4050,querian,3.4441191665231616e-05,1,O
4051,querido,3.4441191665231616e-05,1,O
4052,queriendo,3.4441191665231616e-05,1,O
4053,queréis,6.888238333046323e-05,2,O
4054,quería,0.00010332357499569486,3,O
4055,queríamos,3.4441191665231616e-05,1,O
4056,querían,3.4441191665231616e-05,1,O
4057,quesa,3.4441191665231616e-05,1,O
4058,queso,0.00010332357499569486,3,O
4059,quesos,0.0031847133757961785,1,I-positive
4060,quien,0.0002066471499913897,6,O
4061,quienes,3.4441191665231616e-05,1,O
4062,quiera,0.00010332357499569486,3,O
4063,quieran,6.888238333046323e-05,2,O
4064,quieras,3.4441191665231616e-05,1,O
4065,quiere,0.00010332357499569486,3,O
4066,quieren,3.4441191665231616e-05,1,O
4067,quieres,0.0002066471499913897,6,O
4068,quiero,0.00017220595832615808,5,O
4069,quince,3.4441191665231616e-05,1,O
4070,quise,3.4441191665231616e-05,1,O
4071,quiseran,3.4441191665231616e-05,1,O
4072,quisiera,3.4441191665231616e-05,1,O
4073,quisieron,6.888238333046323e-05,2,O
4074,quisimos,3.4441191665231616e-05,1,O
4075,quiso,3.4441191665231616e-05,1,O
4076,quitado,6.888238333046323e-05,2,O
4077,quitan,3.4441191665231616e-05,1,O
4078,quitar,3.4441191665231616e-05,1,O
4079,quitó,3.4441191665231616e-05,1,O
4080,quizas,6.888238333046323e-05,2,O
4081,quizá,0.00013776476666092647,4,O
4082,quizás,6.888238333046323e-05,2,O
4083,quién,3.4441191665231616e-05,1,O
4084,qué,0.00017220595832615808,5,O
4085,quë,3.4441191665231616e-05,1,O
4086,raciones,0.013123359580052493,5,B-negative
4087,ración,0.007874015748031496,3,B-negative
4088,ralacion,3.4441191665231616e-05,1,O
4089,rancidumbre,3.4441191665231616e-05,1,O
4090,rape,0.005847953216374269,1,I-negative
4091,rapidez,3.4441191665231616e-05,1,O
4092,rapido,0.00013776476666092647,4,O
4093,rapidísimo,3.4441191665231616e-05,1,O
4094,rara,3.4441191665231616e-05,1,O
4095,raro,0.00010332357499569486,3,O
4096,rastro,3.4441191665231616e-05,1,O
4097,ratito,3.4441191665231616e-05,1,O
4098,rato,6.888238333046323e-05,2,O
4099,razonable,0.00010332357499569486,3,O
4100,razonables,0.00013776476666092647,4,O
4101,razonbles,3.4441191665231616e-05,1,O
4102,razón,6.888238333046323e-05,2,O
4103,raíz,3.4441191665231616e-05,1,O
4104,realcion,3.4441191665231616e-05,1,O
4105,realidad,0.00010332357499569486,3,O
4106,realizado,3.4441191665231616e-05,1,O
4107,realizamos,3.4441191665231616e-05,1,O
4108,realizando,6.888238333046323e-05,2,O
4109,realize,3.4441191665231616e-05,1,O
4110,realmente,0.0005166178749784743,15,O
4111,rebajar,3.4441191665231616e-05,1,O
4112,rebosar,3.4441191665231616e-05,1,O
4113,rebozado,0.005847953216374269,1,I-negative
4114,rebozados,3.4441191665231616e-05,1,O
4115,rebozar,3.4441191665231616e-05,1,O
4116,recalentada,3.4441191665231616e-05,1,O
4117,recepción,0.0008620689655172414,1,B-positive
4118,recibes,3.4441191665231616e-05,1,O
4119,recibida,6.888238333046323e-05,2,O
4120,recibido,0.00017220595832615808,5,O
4121,recibio,3.4441191665231616e-05,1,O
4122,recibirá,3.4441191665231616e-05,1,O
4123,recien,3.4441191665231616e-05,1,O
4124,reclamaciones,3.4441191665231616e-05,1,O
4125,reclamar,6.888238333046323e-05,2,O
4126,recochineo,3.4441191665231616e-05,1,O
4127,recomedable,3.4441191665231616e-05,1,O
4128,recomedación,3.4441191665231616e-05,1,O
4129,recomedó,3.4441191665231616e-05,1,O
4130,recomendable,0.0031847133757961785,1,I-positive
4131,recomendaciones,6.888238333046323e-05,2,O
4132,recomendación,3.4441191665231616e-05,1,O
4133,recomendado,0.0002066471499913897,6,O
4134,recomendados,3.4441191665231616e-05,1,O
4135,recomendar,0.00017220595832615808,5,O
4136,recomendaremos,3.4441191665231616e-05,1,O
4137,recomendaria,3.4441191665231616e-05,1,O
4138,recomendarlo,0.00010332357499569486,3,O
4139,recomendaré,3.4441191665231616e-05,1,O
4140,recomendaría,6.888238333046323e-05,2,O
4141,recomienda,3.4441191665231616e-05,1,O
4142,recomiendaselo,3.4441191665231616e-05,1,O
4143,recomiendo,0.0012743240916135699,37,O
4144,reconocido,3.4441191665231616e-05,1,O
4145,reconocimiento,3.4441191665231616e-05,1,O
4146,recordar,0.00010332357499569486,3,O
4147,recordaremos,3.4441191665231616e-05,1,O
4148,recordarlo,3.4441191665231616e-05,1,O
4149,recordé,3.4441191665231616e-05,1,O
4150,rectificar,3.4441191665231616e-05,1,O
4151,recuerda,6.888238333046323e-05,2,O
4152,recuerdo,0.00017220595832615808,5,O
4153,recurso,3.4441191665231616e-05,1,O
4154,redondas,3.4441191665231616e-05,1,O
4155,redondeó,3.4441191665231616e-05,1,O
4156,redondo,3.4441191665231616e-05,1,O
4157,reducidos,3.4441191665231616e-05,1,O
4158,reducto,0.0008620689655172414,1,B-positive
4159,reestaurante,0.0008620689655172414,1,B-positive
4160,referencia,0.00010332357499569486,3,O
4161,referencias,6.888238333046323e-05,2,O
4162,referente,6.888238333046323e-05,2,O
4163,refiere,3.4441191665231616e-05,1,O
4164,refiero,3.4441191665231616e-05,1,O
4165,reflejar,3.4441191665231616e-05,1,O
4166,reforma,0.0017241379310344827,2,B-positive
4167,refrescantes,3.4441191665231616e-05,1,O
4168,refrescos,3.4441191665231616e-05,1,O
4169,refritas,3.4441191665231616e-05,1,O
4170,refugios,3.4441191665231616e-05,1,O
4171,regado,6.888238333046323e-05,2,O
4172,regalaron,3.4441191665231616e-05,1,O
4173,regalen,6.888238333046323e-05,2,O
4174,regando,3.4441191665231616e-05,1,O
4175,región,3.4441191665231616e-05,1,O
4176,regrese,3.4441191665231616e-05,1,O
4177,regular,6.888238333046323e-05,2,O
4178,rehacerlo,3.4441191665231616e-05,1,O
4179,reirte,3.4441191665231616e-05,1,O
4180,relacion,0.0008620689655172414,1,B-positive
4181,relaciones,3.4441191665231616e-05,1,O
4182,relació,3.4441191665231616e-05,1,O
4183,relación,0.001343206474944033,39,O
4184,relajado,3.4441191665231616e-05,1,O
4185,relajante,3.4441191665231616e-05,1,O
4186,relajo,3.4441191665231616e-05,1,O
4187,rellena,0.023255813953488372,1,I-neutral
4188,rellenas,3.4441191665231616e-05,1,O
4189,rematado,3.4441191665231616e-05,1,O
4190,rematar,3.4441191665231616e-05,1,O
4191,remolacha,0.0026246719160104987,1,B-negative
4192,renfe,3.4441191665231616e-05,1,O
4193,renovación,3.4441191665231616e-05,1,O
4194,renovada,3.4441191665231616e-05,1,O
4195,renunciar,3.4441191665231616e-05,1,O
4196,repartidores,3.4441191665231616e-05,1,O
4197,repercutido,3.4441191665231616e-05,1,O
4198,repetir,0.0005510590666437059,16,O
4199,repetiremos,0.00024108834165662132,7,O
4200,repetiré,0.00010332357499569486,3,O
4201,repita,3.4441191665231616e-05,1,O
4202,repito,3.4441191665231616e-05,1,O
4203,reportará,3.4441191665231616e-05,1,O
4204,representantes,3.4441191665231616e-05,1,O
4205,requerido,3.4441191665231616e-05,1,O
4206,requería,3.4441191665231616e-05,1,O
4207,resaltar,3.4441191665231616e-05,1,O
4208,reseca,3.4441191665231616e-05,1,O
4209,resecas,3.4441191665231616e-05,1,O
4210,resentidos,3.4441191665231616e-05,1,O
4211,reserva,0.0026246719160104987,1,B-negative
4212,reservaba,3.4441191665231616e-05,1,O
4213,reservada,3.4441191665231616e-05,1,O
4214,reservado,6.888238333046323e-05,2,O
4215,reservamos,0.00013776476666092647,4,O
4216,reservar,0.00010332357499569486,3,O
4217,reservaron,3.4441191665231616e-05,1,O
4218,reservaste,3.4441191665231616e-05,1,O
4219,reserve,3.4441191665231616e-05,1,O
4220,reservé,0.00010332357499569486,3,O
4221,reseñable,3.4441191665231616e-05,1,O
4222,resienten,3.4441191665231616e-05,1,O
4223,resolver,3.4441191665231616e-05,1,O
4224,respecta,0.00010332357499569486,3,O
4225,respectivos,3.4441191665231616e-05,1,O
4226,respecto,0.00010332357499569486,3,O
4227,respetado,3.4441191665231616e-05,1,O
4228,respetar,3.4441191665231616e-05,1,O
4229,respeto,0.00010332357499569486,3,O
4230,respetos,3.4441191665231616e-05,1,O
4231,respetuoso,3.4441191665231616e-05,1,O
4232,respiratorios,3.4441191665231616e-05,1,O
4233,responda,3.4441191665231616e-05,1,O
4234,responden.Pero,3.4441191665231616e-05,1,O
4235,respondió,3.4441191665231616e-05,1,O
4236,responsable,0.0026246719160104987,1,B-negative
4237,responsables,3.4441191665231616e-05,1,O
4238,respuesta,6.888238333046323e-05,2,O
4239,rest,0.0031847133757961785,1,I-positive
4240,restando,3.4441191665231616e-05,1,O
4241,restauante,3.4441191665231616e-05,1,O
4242,restauración,0.0031847133757961785,1,I-positive
4243,restaurant,0.0008620689655172414,1,B-positive
4244,restaurante,0.047244094488188976,18,B-negative
4245,restaurante.La,3.4441191665231616e-05,1,O
4246,restaurante.Los,3.4441191665231616e-05,1,O
4247,restaurantem,3.4441191665231616e-05,1,O
4248,restaurantes,0.0026246719160104987,1,B-negative
4249,restaurants,0.0008620689655172414,1,B-positive
4250,restaurnate,3.4441191665231616e-05,1,O
4251,resto,0.0026246719160104987,1,B-negative
4252,resuena,3.4441191665231616e-05,1,O
4253,resulta,3.4441191665231616e-05,1,O
4254,resultado,0.00013776476666092647,4,O
4255,resulto,3.4441191665231616e-05,1,O
4256,resultó,0.00013776476666092647,4,O
4257,resumen,0.0002066471499913897,6,O
4258,retaurante,0.0008620689655172414,1,B-positive
4259,retirar,3.4441191665231616e-05,1,O
4260,retocado,3.4441191665231616e-05,1,O
4261,retraso,3.4441191665231616e-05,1,O
4262,retsaurante,3.4441191665231616e-05,1,O
4263,retórica,3.4441191665231616e-05,1,O
4264,revisar,3.4441191665231616e-05,1,O
4265,revuelto,3.4441191665231616e-05,1,O
4266,rica,0.00010332357499569486,3,O
4267,rico,0.00010332357499569486,3,O
4268,ricos,6.888238333046323e-05,2,O
4269,rie,3.4441191665231616e-05,1,O
4270,riendose,3.4441191665231616e-05,1,O
4271,riggatoni,0.0026246719160104987,1,B-negative
4272,rigorosos,3.4441191665231616e-05,1,O
4273,rigurosamente,3.4441191665231616e-05,1,O
4274,rincones,3.4441191665231616e-05,1,O
4275,rincón,3.4441191665231616e-05,1,O
4276,riojana,3.4441191665231616e-05,1,O
4277,riquísima,3.4441191665231616e-05,1,O
4278,riquísimo,3.4441191665231616e-05,1,O
4279,riquísimos,3.4441191665231616e-05,1,O
4280,risotto,0.0017241379310344827,2,B-positive
4281,rissoto,3.4441191665231616e-05,1,O
4282,rissotto,3.4441191665231616e-05,1,O
4283,rocher,3.4441191665231616e-05,1,O
4284,rodaballo,0.0008620689655172414,1,B-positive
4285,rodaje,3.4441191665231616e-05,1,O
4286,rodajita,3.4441191665231616e-05,1,O
4287,rogout,0.0008620689655172414,1,B-positive
4288,rojo,6.888238333046323e-05,2,O
4289,romantica,0.005847953216374269,1,I-negative
4290,romántico,3.4441191665231616e-05,1,O
4291,ron,3.4441191665231616e-05,1,O
4292,rosado,3.4441191665231616e-05,1,O
4293,rossejats,3.4441191665231616e-05,1,O
4294,rotos,0.0031847133757961785,1,I-positive
4295,rozando,3.4441191665231616e-05,1,O
4296,rucula,3.4441191665231616e-05,1,O
4297,ruedas,3.4441191665231616e-05,1,O
4298,ruedo,3.4441191665231616e-05,1,O
4299,ruido,0.011695906432748537,2,I-negative
4300,ruidoso,0.00013776476666092647,4,O
4301,ruidosos,3.4441191665231616e-05,1,O
4302,rápidamente,6.888238333046323e-05,2,O
4303,rápido,0.00017220595832615808,5,O
4304,rúcula,3.4441191665231616e-05,1,O
4305,s,3.4441191665231616e-05,1,O
4306,sabado,3.4441191665231616e-05,1,O
4307,sabe,0.00017220595832615808,5,O
4308,sabemos,6.888238333046323e-05,2,O
4309,saber,0.00024108834165662132,7,O
4310,sabes,3.4441191665231616e-05,1,O
4311,sabia,6.888238333046323e-05,2,O
4312,sabiendo,3.4441191665231616e-05,1,O
4313,sablean,3.4441191665231616e-05,1,O
4314,sabor,0.023255813953488372,1,I-neutral
4315,saborea,3.4441191665231616e-05,1,O
4316,saboreo,3.4441191665231616e-05,1,O
4317,sabores,0.00013776476666092647,4,O
4318,sabra,3.4441191665231616e-05,1,O
4319,sabrosa,0.00010332357499569486,3,O
4320,sabroso,0.00017220595832615808,5,O
4321,sabrosos,6.888238333046323e-05,2,O
4322,sabrosísimo,3.4441191665231616e-05,1,O
4323,sabrá,3.4441191665231616e-05,1,O
4324,sabía,3.4441191665231616e-05,1,O
4325,sacan,0.00010332357499569486,3,O
4326,sacar,3.4441191665231616e-05,1,O
4327,sacarnos,3.4441191665231616e-05,1,O
4328,sacaron,0.00013776476666092647,4,O
4329,saciado,3.4441191665231616e-05,1,O
4330,saciados,3.4441191665231616e-05,1,O
4331,sacó,3.4441191665231616e-05,1,O
4332,sal,0.00017220595832615808,5,O
4333,sal.En,3.4441191665231616e-05,1,O
4334,sala,0.0031847133757961785,1,I-positive
4335,salado,3.4441191665231616e-05,1,O
4336,salamandra,3.4441191665231616e-05,1,O
4337,saldrá,3.4441191665231616e-05,1,O
4338,sale,0.00017220595832615808,5,O
4339,salen,3.4441191665231616e-05,1,O
4340,sales,3.4441191665231616e-05,1,O
4341,salga,6.888238333046323e-05,2,O
4342,salgo,3.4441191665231616e-05,1,O
4343,salida,3.4441191665231616e-05,1,O
4344,salido,3.4441191665231616e-05,1,O
4345,saliendo,3.4441191665231616e-05,1,O
4346,salierais,3.4441191665231616e-05,1,O
4347,salimos,0.00030997072498708454,9,O
4348,salio,0.00017220595832615808,5,O
4349,salir,0.005847953216374269,1,I-negative
4350,saliéramos,6.888238333046323e-05,2,O
4351,salió,0.00010332357499569486,3,O
4352,salmuera,6.888238333046323e-05,2,O
4353,salmón,0.0026246719160104987,1,B-negative
4354,salon,0.0026246719160104987,1,B-negative
4355,salones,0.00010332357499569486,3,O
4356,salsa,0.023255813953488372,1,I-neutral
4357,saluda,3.4441191665231616e-05,1,O
4358,saludo,0.00048217668331324264,14,O
4359,saludos,6.888238333046323e-05,2,O
4360,salvando,3.4441191665231616e-05,1,O
4361,salvedad,3.4441191665231616e-05,1,O
4362,salvo,0.00013776476666092647,4,O
4363,salí,6.888238333046323e-05,2,O
4364,salón,6.888238333046323e-05,2,O
4365,salúd,3.4441191665231616e-05,1,O
4366,samilos,3.4441191665231616e-05,1,O
4367,san,3.4441191665231616e-05,1,O
4368,sangria,0.0017241379310344827,2,B-positive
4369,saquen,3.4441191665231616e-05,1,O
4370,sardinas,0.0008620689655172414,1,B-positive
4371,sardinitas,3.4441191665231616e-05,1,O
4372,sarten,3.4441191665231616e-05,1,O
4373,sashimi,0.0008620689655172414,1,B-positive
4374,satisfacción,6.888238333046323e-05,2,O
4375,satisfacer,3.4441191665231616e-05,1,O
4376,satisfactoria,3.4441191665231616e-05,1,O
4377,satisfactorio,3.4441191665231616e-05,1,O
4378,satisfecha,3.4441191665231616e-05,1,O
4379,satisfechos,0.00010332357499569486,3,O
4380,saúco,3.4441191665231616e-05,1,O
4381,se,0.005476149474771827,159,O
4382,sea,0.00030997072498708454,9,O
4383,sean,3.4441191665231616e-05,1,O
4384,seca,6.888238333046323e-05,2,O
4385,secas,3.4441191665231616e-05,1,O
4386,seco,3.4441191665231616e-05,1,O
4387,secos,3.4441191665231616e-05,1,O
4388,secundario,3.4441191665231616e-05,1,O
4389,sed,3.4441191665231616e-05,1,O
4390,seguia,3.4441191665231616e-05,1,O
4391,seguid,3.4441191665231616e-05,1,O
4392,seguimos,3.4441191665231616e-05,1,O
4393,seguir,0.00017220595832615808,5,O
4394,seguiréis,3.4441191665231616e-05,1,O
4395,segun,3.4441191665231616e-05,1,O
4396,seguna,3.4441191665231616e-05,1,O
4397,segunda,3.4441191665231616e-05,1,O
4398,segundo,0.0026246719160104987,1,B-negative
4399,segundos,0.0017241379310344827,2,B-positive
4400,segura,3.4441191665231616e-05,1,O
4401,seguramente,3.4441191665231616e-05,1,O
4402,seguro,0.0009643533666264853,28,O
4403,seguro.En,3.4441191665231616e-05,1,O
4404,seguros,6.888238333046323e-05,2,O
4405,según,0.00010332357499569486,3,O
4406,seis,3.4441191665231616e-05,1,O
4407,selección,0.00010332357499569486,3,O
4408,selectos,3.4441191665231616e-05,1,O
4409,semana,0.00037885310831754776,11,O
4410,semanas,0.00013776476666092647,4,O
4411,semilleno,3.4441191665231616e-05,1,O
4412,sencilla,3.4441191665231616e-05,1,O
4413,sencillamente,3.4441191665231616e-05,1,O
4414,sencillo,6.888238333046323e-05,2,O
4415,sensacional,3.4441191665231616e-05,1,O
4416,sensación,0.00030997072498708454,9,O
4417,sentar,3.4441191665231616e-05,1,O
4418,sentarnos,6.888238333046323e-05,2,O
4419,sentaron,3.4441191665231616e-05,1,O
4420,sentiamos,3.4441191665231616e-05,1,O
4421,sentido,6.888238333046323e-05,2,O
4422,sentidos,6.888238333046323e-05,2,O
4423,sentimos,6.888238333046323e-05,2,O
4424,sentir,0.00010332357499569486,3,O
4425,sentirse,3.4441191665231616e-05,1,O
4426,sentí,3.4441191665231616e-05,1,O
4427,sentó,3.4441191665231616e-05,1,O
4428,sepan,6.888238333046323e-05,2,O
4429,separación,3.4441191665231616e-05,1,O
4430,sepuede,3.4441191665231616e-05,1,O
4431,ser,0.001343206474944033,39,O
4432,sera,3.4441191665231616e-05,1,O
4433,seran,3.4441191665231616e-05,1,O
4434,seria,3.4441191665231616e-05,1,O
4435,serias,3.4441191665231616e-05,1,O
4436,serio,3.4441191665231616e-05,1,O
4437,serlo,3.4441191665231616e-05,1,O
4438,servi,0.0008620689655172414,1,B-positive
4439,servicial,3.4441191665231616e-05,1,O
4440,servicio,0.10517241379310345,122,B-positive
4441,servicios,0.0026246719160104987,1,B-negative
4442,servicui,0.0008620689655172414,1,B-positive
4443,servida,0.00013776476666092647,4,O
4444,servidas,6.888238333046323e-05,2,O
4445,servido,0.0002066471499913897,6,O
4446,servidor,3.4441191665231616e-05,1,O
4447,servidos,0.00013776476666092647,4,O
4448,servilleta,0.0026246719160104987,1,B-negative
4449,servir,0.00017220595832615808,5,O
4450,servirlos.Por,3.4441191665231616e-05,1,O
4451,servirnos,6.888238333046323e-05,2,O
4452,serviría,3.4441191665231616e-05,1,O
4453,servito,3.4441191665231616e-05,1,O
4454,servía,3.4441191665231616e-05,1,O
4455,servían,3.4441191665231616e-05,1,O
4456,será,0.00017220595832615808,5,O
4457,serán,3.4441191665231616e-05,1,O
4458,seré,3.4441191665231616e-05,1,O
4459,sería,0.00013776476666092647,4,O
4460,setas,0.0031847133757961785,1,I-positive
4461,sevicio,0.0026246719160104987,1,B-negative
4462,señor,0.00010332357499569486,3,O
4463,señora,6.888238333046323e-05,2,O
4464,señorita,0.0008620689655172414,1,B-positive
4465,show,0.0008620689655172414,1,B-positive
4466,si,0.003065266058205614,89,O
4467,sido,0.0008954709832960221,26,O
4468,sidral,3.4441191665231616e-05,1,O
4469,sidreria,3.4441191665231616e-05,1,O
4470,sidreria.volveria,3.4441191665231616e-05,1,O
4471,siempre,0.001343206474944033,39,O
4472,siendo,0.00017220595832615808,5,O
4473,sienten,3.4441191665231616e-05,1,O
4474,siento,0.00010332357499569486,3,O
4475,sigan,6.888238333046323e-05,2,O
4476,significa,3.4441191665231616e-05,1,O
4477,sigo,3.4441191665231616e-05,1,O
4478,sigue,0.0002066471499913897,6,O
4479,siguen,3.4441191665231616e-05,1,O
4480,siguiente,6.888238333046323e-05,2,O
4481,siguiente.Nos,3.4441191665231616e-05,1,O
4482,silencio,6.888238333046323e-05,2,O
4483,silla,6.888238333046323e-05,2,O
4484,sillas,0.00010332357499569486,3,O
4485,similar,3.4441191665231616e-05,1,O
4486,similares,3.4441191665231616e-05,1,O
4487,simpatia,3.4441191665231616e-05,1,O
4488,simpaticos,3.4441191665231616e-05,1,O
4489,simpatía,3.4441191665231616e-05,1,O
4490,simple,3.4441191665231616e-05,1,O
4491,simplemente,0.00013776476666092647,4,O
4492,simples,3.4441191665231616e-05,1,O
4493,simplon,3.4441191665231616e-05,1,O
4494,simpáticas,3.4441191665231616e-05,1,O
4495,simpático,3.4441191665231616e-05,1,O
4496,simpáticos,3.4441191665231616e-05,1,O
4497,sin,0.005847953216374269,1,I-negative
4498,sinceramente,0.00017220595832615808,5,O
4499,sincero,3.4441191665231616e-05,1,O
4500,sinceros,3.4441191665231616e-05,1,O
4501,sino,0.0002066471499913897,6,O
4502,sintiera,3.4441191665231616e-05,1,O
4503,sintomático,3.4441191665231616e-05,1,O
4504,sinvergüenzas,6.888238333046323e-05,2,O
4505,siquiera,0.00010332357499569486,3,O
4506,sirvan,3.4441191665231616e-05,1,O
4507,sirve,0.00013776476666092647,4,O
4508,sirveiron,3.4441191665231616e-05,1,O
4509,sirven,0.0002066471499913897,6,O
4510,sirvieran,3.4441191665231616e-05,1,O
4511,sirvieron,0.00013776476666092647,4,O
4512,sirvió,6.888238333046323e-05,2,O
4513,sistema,0.0026246719160104987,1,B-negative
4514,sitio,0.027777777777777776,2,B-neutral
4515,sitios,0.0017241379310344827,2,B-positive
4516,situación,0.002586206896551724,3,B-positive
4517,situado,0.0031847133757961785,1,I-positive
4518,snob,3.4441191665231616e-05,1,O
4519,soberbio,3.4441191665231616e-05,1,O
4520,sobra,3.4441191665231616e-05,1,O
4521,sobraba,6.888238333046323e-05,2,O
4522,sobraban,3.4441191665231616e-05,1,O
4523,sobrante,3.4441191665231616e-05,1,O
4524,sobre,0.005847953216374269,1,I-negative
4525,sobremesa.Los,3.4441191665231616e-05,1,O
4526,sobresaliente,6.888238333046323e-05,2,O
4527,sobretodo,0.00017220595832615808,5,O
4528,sobrevolando,3.4441191665231616e-05,1,O
4529,sobrio,3.4441191665231616e-05,1,O
4530,soja,3.4441191665231616e-05,1,O
4531,sol,3.4441191665231616e-05,1,O
4532,sola,3.4441191665231616e-05,1,O
4533,solarium,3.4441191665231616e-05,1,O
4534,solas,3.4441191665231616e-05,1,O
4535,solicitadoRealmente,3.4441191665231616e-05,1,O
4536,solicitamos,3.4441191665231616e-05,1,O
4537,solicito,3.4441191665231616e-05,1,O
4538,solicitudes,3.4441191665231616e-05,1,O
4539,solicité,3.4441191665231616e-05,1,O
4540,solo,0.0006199414499741691,18,O
4541,solomillo,0.005249343832020997,2,B-negative
4542,solucitud,3.4441191665231616e-05,1,O
4543,somo,3.4441191665231616e-05,1,O
4544,son,0.0010332357499569485,30,O
4545,sonido,0.0026246719160104987,1,B-negative
4546,sonrisa,0.00010332357499569486,3,O
4547,sopa,0.005847953216374269,1,I-negative
4548,soplo,3.4441191665231616e-05,1,O
4549,soportar.TODO,3.4441191665231616e-05,1,O
4550,sorbete,0.0017241379310344827,2,B-positive
4551,sorbetes,0.0026246719160104987,1,B-negative
4552,sorprende,3.4441191665231616e-05,1,O
4553,sorprendente,0.00010332357499569486,3,O
4554,sorprendido,0.00010332357499569486,3,O
4555,sorprendio,0.00017220595832615808,5,O
4556,sorprendió,3.4441191665231616e-05,1,O
4557,sorprendía,3.4441191665231616e-05,1,O
4558,sorpresa,0.00030997072498708454,9,O
4559,sorpresas,0.00010332357499569486,3,O
4560,sorrentinos,0.0008620689655172414,1,B-positive
4561,sosas,3.4441191665231616e-05,1,O
4562,soy,0.00024108834165662132,7,O
4563,sr,0.0008620689655172414,1,B-positive
4564,sres,3.4441191665231616e-05,1,O
4565,steak,3.4441191665231616e-05,1,O
4566,stick,0.0008620689655172414,1,B-positive
4567,stock,3.4441191665231616e-05,1,O
4568,su,0.023255813953488372,1,I-neutral
4569,suavignon,0.0031847133757961785,1,I-positive
4570,subido,0.005847953216374269,1,I-negative
4571,subiendo,3.4441191665231616e-05,1,O
4572,sublimes,3.4441191665231616e-05,1,O
4573,subsistir,3.4441191665231616e-05,1,O
4574,sucedanio,0.013888888888888888,1,B-neutral
4575,suciedad,3.4441191665231616e-05,1,O
4576,sucintas,3.4441191665231616e-05,1,O
4577,sucios,6.888238333046323e-05,2,O
4578,suegros,3.4441191665231616e-05,1,O
4579,suele,6.888238333046323e-05,2,O
4580,suelo,3.4441191665231616e-05,1,O
4581,suerte,0.00010332357499569486,3,O
4582,suficiente,0.00017220595832615808,5,O
4583,suficientes,6.888238333046323e-05,2,O
4584,sufrimos,3.4441191665231616e-05,1,O
4585,sugerencia,3.4441191665231616e-05,1,O
4586,sugerencias,0.0026246719160104987,1,B-negative
4587,sugerido,3.4441191665231616e-05,1,O
4588,suministraba,3.4441191665231616e-05,1,O
4589,super,0.00017220595832615808,5,O
4590,supera,3.4441191665231616e-05,1,O
4591,superación,3.4441191665231616e-05,1,O
4592,superior,0.00010332357499569486,3,O
4593,superiores,3.4441191665231616e-05,1,O
4594,suplio,3.4441191665231616e-05,1,O
4595,supo,3.4441191665231616e-05,1,O
4596,supone,3.4441191665231616e-05,1,O
4597,supongo,6.888238333046323e-05,2,O
4598,supuesto,0.00013776476666092647,4,O
4599,suquets,0.0008620689655172414,1,B-positive
4600,sur,3.4441191665231616e-05,1,O
4601,sus,0.0005510590666437059,16,O
4602,suspenso,3.4441191665231616e-05,1,O
4603,suspicacia,3.4441191665231616e-05,1,O
4604,susto,3.4441191665231616e-05,1,O
4605,sutil,3.4441191665231616e-05,1,O
4606,sutiles,3.4441191665231616e-05,1,O
4607,suya,3.4441191665231616e-05,1,O
4608,sábado,0.00024108834165662132,7,O
4609,sé,0.00010332357499569486,3,O
4610,sí,0.00034441191665231615,10,O
4611,sólo,0.0005166178749784743,15,O
4612,sótano,0.0026246719160104987,1,B-negative
4613,súper,3.4441191665231616e-05,1,O
4614,tabaco,0.005847953216374269,1,I-negative
4615,taberna,3.4441191665231616e-05,1,O
4616,taco,0.0008620689655172414,1,B-positive
4617,tal,0.00013776476666092647,4,O
4618,talla,3.4441191665231616e-05,1,O
4619,tallarines,3.4441191665231616e-05,1,O
4620,tamaño,6.888238333046323e-05,2,O
4621,tambien,0.00024108834165662132,7,O
4622,también,0.0008265885999655589,24,O
4623,tampoco,0.0002066471499913897,6,O
4624,tan,0.0004132942999827794,12,O
4625,tanta,0.00013776476666092647,4,O
4626,tantas,3.4441191665231616e-05,1,O
4627,tanto,0.001343206474944033,39,O
4628,tapa,6.888238333046323e-05,2,O
4629,tapado,3.4441191665231616e-05,1,O
4630,tapas,0.0026246719160104987,1,B-negative
4631,tapeo,3.4441191665231616e-05,1,O
4632,taquitos,3.4441191665231616e-05,1,O
4633,tardaban,3.4441191665231616e-05,1,O
4634,tardaron,0.00010332357499569486,3,O
4635,tarde,0.00027552953332185293,8,O
4636,tarden,3.4441191665231616e-05,1,O
4637,tarta,0.00013776476666092647,4,O
4638,tartar,0.0031847133757961785,1,I-positive
4639,tartare,3.4441191665231616e-05,1,O
4640,tarto,0.0008620689655172414,1,B-positive
4641,te,0.0017909419665920441,52,O
4642,teatro,3.4441191665231616e-05,1,O
4643,tela,3.4441191665231616e-05,1,O
4644,telefoneó,3.4441191665231616e-05,1,O
4645,telefono,0.0026246719160104987,1,B-negative
4646,televisor,3.4441191665231616e-05,1,O
4647,teléfono,0.00010332357499569486,3,O
4648,tema,0.00010332357499569486,3,O
4649,temas,6.888238333046323e-05,2,O
4650,temeridad,3.4441191665231616e-05,1,O
4651,temperatura,0.0031847133757961785,1,I-positive
4652,templandolos,3.4441191665231616e-05,1,O
4653,temporada,0.0031847133757961785,1,I-positive
4654,tempura,0.005847953216374269,1,I-negative
4655,tendencia,3.4441191665231616e-05,1,O
4656,tendre,3.4441191665231616e-05,1,O
4657,tendremos,3.4441191665231616e-05,1,O
4658,tendriamos,3.4441191665231616e-05,1,O
4659,tendrìa,3.4441191665231616e-05,1,O
4660,tendría,3.4441191665231616e-05,1,O
4661,tendrían,3.4441191665231616e-05,1,O
4662,tenedores,3.4441191665231616e-05,1,O
4663,teneido,3.4441191665231616e-05,1,O
4664,tenemos,0.00017220595832615808,5,O
4665,tener,0.0005166178749784743,15,O
4666,tengamos,3.4441191665231616e-05,1,O
4667,tengan,3.4441191665231616e-05,1,O
4668,tengas,3.4441191665231616e-05,1,O
4669,tengo,0.00010332357499569486,3,O
4670,tenia,0.0002066471499913897,6,O
4671,teniamos,3.4441191665231616e-05,1,O
4672,tenian,0.0002066471499913897,6,O
4673,tenido,0.00027552953332185293,8,O
4674,teniendo,3.4441191665231616e-05,1,O
4675,tenía,0.00037885310831754776,11,O
4676,teníamos,0.00010332357499569486,3,O
4677,tenían,0.00037885310831754776,11,O
4678,tenías,3.4441191665231616e-05,1,O
4679,tercera,3.4441191665231616e-05,1,O
4680,tercero,3.4441191665231616e-05,1,O
4681,teresa,3.4441191665231616e-05,1,O
4682,teriyaki,3.4441191665231616e-05,1,O
4683,termal,0.00017220595832615808,5,O
4684,terminada,3.4441191665231616e-05,1,O
4685,terminado,6.888238333046323e-05,2,O
4686,terminar,6.888238333046323e-05,2,O
4687,terminas,3.4441191665231616e-05,1,O
4688,ternasco,0.0026246719160104987,1,B-negative
4689,ternera,0.011695906432748537,2,I-negative
4690,terraza,0.005249343832020997,2,B-negative
4691,terrible,3.4441191665231616e-05,1,O
4692,testimonial,3.4441191665231616e-05,1,O
4693,textura,0.0008620689655172414,1,B-positive
4694,texturas,3.4441191665231616e-05,1,O
4695,ti,3.4441191665231616e-05,1,O
4696,tiempo,0.013888888888888888,1,B-neutral
4697,tiempos,0.0008620689655172414,1,B-positive
4698,tienda,3.4441191665231616e-05,1,O
4699,tiendas,3.4441191665231616e-05,1,O
4700,tiene,0.0008265885999655589,24,O
4701,tienen,0.0005510590666437059,16,O
4702,tienes,0.00017220595832615808,5,O
4703,tierra,0.00013776476666092647,4,O
4704,tinglado,3.4441191665231616e-05,1,O
4705,tinta,3.4441191665231616e-05,1,O
4706,tinto,0.006369426751592357,2,I-positive
4707,tintorro,3.4441191665231616e-05,1,O
4708,tipica,3.4441191665231616e-05,1,O
4709,tipico,3.4441191665231616e-05,1,O
4710,tipo,0.00027552953332185293,8,O
4711,tipos,6.888238333046323e-05,2,O
4712,tira,0.013888888888888888,1,B-neutral
4713,tiramisú,0.0008620689655172414,1,B-positive
4714,tiramos,3.4441191665231616e-05,1,O
4715,toca,6.888238333046323e-05,2,O
4716,tocado,3.4441191665231616e-05,1,O
4717,tocar,6.888238333046323e-05,2,O
4718,toda,0.0005166178749784743,15,O
4719,todas,0.0004132942999827794,12,O
4720,todavia,3.4441191665231616e-05,1,O
4721,todavía,6.888238333046323e-05,2,O
4722,todavíalo,3.4441191665231616e-05,1,O
4723,todo,0.005847953216374269,1,I-negative
4724,todos,0.0031847133757961785,1,I-positive
4725,todos.Repetiremos,3.4441191665231616e-05,1,O
4726,toldos,3.4441191665231616e-05,1,O
4727,toma,3.4441191665231616e-05,1,O
4728,tomado,6.888238333046323e-05,2,O
4729,tomadura,3.4441191665231616e-05,1,O
4730,tomamos,6.888238333046323e-05,2,O
4731,tomando,6.888238333046323e-05,2,O
4732,tomanos,3.4441191665231616e-05,1,O
4733,tomar,0.00034441191665231615,10,O
4734,tomaron,3.4441191665231616e-05,1,O
4735,tomate,0.013888888888888888,1,B-neutral
4736,tomates,3.4441191665231616e-05,1,O
4737,tome,3.4441191665231616e-05,1,O
4738,tomó,3.4441191665231616e-05,1,O
4739,tonic,3.4441191665231616e-05,1,O
4740,tonica,3.4441191665231616e-05,1,O
4741,tono,3.4441191665231616e-05,1,O
4742,tonta,3.4441191665231616e-05,1,O
4743,tontadas,3.4441191665231616e-05,1,O
4744,topico,3.4441191665231616e-05,1,O
4745,toque,6.888238333046323e-05,2,O
4746,toralmente,3.4441191665231616e-05,1,O
4747,torera,3.4441191665231616e-05,1,O
4748,torrija,0.0008620689655172414,1,B-positive
4749,tortilla,3.4441191665231616e-05,1,O
4750,tortillitas,0.0008620689655172414,1,B-positive
4751,tosca,3.4441191665231616e-05,1,O
4752,tostada,3.4441191665231616e-05,1,O
4753,tostadas,0.023255813953488372,1,I-neutral
4754,tostaditas,3.4441191665231616e-05,1,O
4755,total,0.0002066471499913897,6,O
4756,totalmente,0.00027552953332185293,8,O
4757,trabajadas,3.4441191665231616e-05,1,O
4758,trabajador,3.4441191665231616e-05,1,O
4759,trabajadores,0.0008620689655172414,1,B-positive
4760,trabajamos,3.4441191665231616e-05,1,O
4761,trabajan,3.4441191665231616e-05,1,O
4762,trabajen,3.4441191665231616e-05,1,O
4763,trabajo,0.0002066471499913897,6,O
4764,tradicional,3.4441191665231616e-05,1,O
4765,tradicionales,6.888238333046323e-05,2,O
4766,tradición,3.4441191665231616e-05,1,O
4767,traer,0.00010332357499569486,3,O
4768,traerme,3.4441191665231616e-05,1,O
4769,traido,3.4441191665231616e-05,1,O
4770,trajeron,0.00010332357499569486,3,O
4771,tranquila,3.4441191665231616e-05,1,O
4772,tranquilo,0.00030997072498708454,9,O
4773,tranquilos,3.4441191665231616e-05,1,O
4774,transparentes,3.4441191665231616e-05,1,O
4775,transporte,3.4441191665231616e-05,1,O
4776,tras,0.005847953216374269,1,I-negative
4777,trasiego,3.4441191665231616e-05,1,O
4778,trasladarse,3.4441191665231616e-05,1,O
4779,trasnochado,3.4441191665231616e-05,1,O
4780,trata,3.4441191665231616e-05,1,O
4781,tratamientos,3.4441191665231616e-05,1,O
4782,tratando,3.4441191665231616e-05,1,O
4783,tratar,3.4441191665231616e-05,1,O
4784,trataron,6.888238333046323e-05,2,O
4785,trato,0.03793103448275862,44,B-positive
4786,tratos,0.0026246719160104987,1,B-negative
4787,trató,6.888238333046323e-05,2,O
4788,traves,3.4441191665231616e-05,1,O
4789,través,0.00010332357499569486,3,O
4790,traído,3.4441191665231616e-05,1,O
4791,treméndamente,3.4441191665231616e-05,1,O
4792,tres,0.011695906432748537,2,I-negative
4793,tripa,3.4441191665231616e-05,1,O
4794,triston,3.4441191665231616e-05,1,O
4795,triunfado,3.4441191665231616e-05,1,O
4796,tronco,3.4441191665231616e-05,1,O
4797,trozo,6.888238333046323e-05,2,O
4798,trozos,0.00010332357499569486,3,O
4799,trufa,0.005847953216374269,1,I-negative
4800,trufados,0.0031847133757961785,1,I-positive
4801,trufas,6.888238333046323e-05,2,O
4802,tu,0.00048217668331324264,14,O
4803,turistas,3.4441191665231616e-05,1,O
4804,turistico,3.4441191665231616e-05,1,O
4805,turno,6.888238333046323e-05,2,O
4806,turísticas,3.4441191665231616e-05,1,O
4807,tus,0.00017220595832615808,5,O
4808,tutear,3.4441191665231616e-05,1,O
4809,tuve,6.888238333046323e-05,2,O
4810,tuvieran,3.4441191665231616e-05,1,O
4811,tuvieron,6.888238333046323e-05,2,O
4812,tuviese,3.4441191665231616e-05,1,O
4813,tuvimos,0.00024108834165662132,7,O
4814,tuviésemos,3.4441191665231616e-05,1,O
4815,tuvo,3.4441191665231616e-05,1,O
4816,técnico,3.4441191665231616e-05,1,O
4817,tí,3.4441191665231616e-05,1,O
4818,típica,6.888238333046323e-05,2,O
4819,típicas,3.4441191665231616e-05,1,O
4820,típico,3.4441191665231616e-05,1,O
4821,típicos,3.4441191665231616e-05,1,O
4822,título,3.4441191665231616e-05,1,O
4823,tú,0.00017220595832615808,5,O
4824,u,6.888238333046323e-05,2,O
4825,ubicacion,0.0008620689655172414,1,B-positive
4826,ubicación,0.0034482758620689655,4,B-positive
4827,ubicado,3.4441191665231616e-05,1,O
4828,uff,3.4441191665231616e-05,1,O
4829,ultima,6.888238333046323e-05,2,O
4830,ultimo,3.4441191665231616e-05,1,O
4831,un,0.01257103495780954,365,O
4832,una,0.00788703289133804,229,O
4833,unas,0.0006199414499741691,18,O
4834,unica,3.4441191665231616e-05,1,O
4835,unico,0.00017220595832615808,5,O
4836,unicos,3.4441191665231616e-05,1,O
4837,uno,0.0007921474083003272,23,O
4838,unos,0.0009987945582917168,29,O
4839,untado,6.888238333046323e-05,2,O
4840,urgencia,3.4441191665231616e-05,1,O
4841,usar,3.4441191665231616e-05,1,O
4842,usas,3.4441191665231616e-05,1,O
4843,uso,3.4441191665231616e-05,1,O
4844,usted,0.00027552953332185293,8,O
4845,utilice,3.4441191665231616e-05,1,O
4846,utilizado,6.888238333046323e-05,2,O
4847,utilizan,3.4441191665231616e-05,1,O
4848,utilizando,6.888238333046323e-05,2,O
4849,utilizar,6.888238333046323e-05,2,O
4850,utilizaran,3.4441191665231616e-05,1,O
4851,utilizo,3.4441191665231616e-05,1,O
4852,utlilizan,3.4441191665231616e-05,1,O
4853,uva,3.4441191665231616e-05,1,O
4854,va,0.0002066471499913897,6,O
4855,vaca,0.005847953216374269,1,I-negative
4856,vacaciones,6.888238333046323e-05,2,O
4857,vaciar,3.4441191665231616e-05,1,O
4858,vacuno,3.4441191665231616e-05,1,O
4859,vainilla,0.00010332357499569486,3,O
4860,vale,0.0026246719160104987,1,B-negative
4861,valia,3.4441191665231616e-05,1,O
4862,valió,3.4441191665231616e-05,1,O
4863,valor,0.00027552953332185293,8,O
4864,valoracion,3.4441191665231616e-05,1,O
4865,valoración,6.888238333046323e-05,2,O
4866,valorar,0.00013776476666092647,4,O
4867,valorarlo,3.4441191665231616e-05,1,O
4868,valoren,3.4441191665231616e-05,1,O
4869,valores,6.888238333046323e-05,2,O
4870,valoro,0.00010332357499569486,3,O
4871,vamos,0.00030997072498708454,9,O
4872,van,0.00024108834165662132,7,O
4873,vapor,0.005847953216374269,1,I-negative
4874,variada,3.4441191665231616e-05,1,O
4875,variado,6.888238333046323e-05,2,O
4876,variados,6.888238333046323e-05,2,O
4877,varias,0.00030997072498708454,9,O
4878,variedad,0.0026246719160104987,1,B-negative
4879,variedades,3.4441191665231616e-05,1,O
4880,varios,0.00027552953332185293,8,O
4881,varías,3.4441191665231616e-05,1,O
4882,vas,0.00010332357499569486,3,O
4883,vaso,3.4441191665231616e-05,1,O
4884,vaya,6.888238333046323e-05,2,O
4885,vayamos,3.4441191665231616e-05,1,O
4886,vayase,3.4441191665231616e-05,1,O
4887,vean,3.4441191665231616e-05,1,O
4888,veces,0.0009643533666264853,28,O
4889,vecino,3.4441191665231616e-05,1,O
4890,vecinos,6.888238333046323e-05,2,O
4891,vedella,0.0031847133757961785,1,I-positive
4892,velada,0.00010332357499569486,3,O
4893,velocidad,0.0008620689655172414,1,B-positive
4894,ven,6.888238333046323e-05,2,O
4895,venden,3.4441191665231616e-05,1,O
4896,vengamos,3.4441191665231616e-05,1,O
4897,vengan,3.4441191665231616e-05,1,O
4898,venian,3.4441191665231616e-05,1,O
4899,venimos,3.4441191665231616e-05,1,O
4900,venir,3.4441191665231616e-05,1,O
4901,ventanal,3.4441191665231616e-05,1,O
4902,ventanales,3.4441191665231616e-05,1,O
4903,ventilación,0.0008620689655172414,1,B-positive
4904,venía,3.4441191665231616e-05,1,O
4905,veníamos,3.4441191665231616e-05,1,O
4906,veo,6.888238333046323e-05,2,O
4907,ver,0.00027552953332185293,8,O
4908,vera,6.888238333046323e-05,2,O
4909,veraniega,3.4441191665231616e-05,1,O
4910,veraniego,0.0031847133757961785,1,I-positive
4911,verano,0.00013776476666092647,4,O
4912,veras,3.4441191665231616e-05,1,O
4913,verdad,0.0012398828999483382,36,O
4914,verdaderas,3.4441191665231616e-05,1,O
4915,verdadero,3.4441191665231616e-05,1,O
4916,verde,0.006369426751592357,2,I-positive
4917,verdes,0.005847953216374269,1,I-negative
4918,verduras,0.0034482758620689655,4,B-positive
4919,verduritas,3.4441191665231616e-05,1,O
4920,vergonzoso,3.4441191665231616e-05,1,O
4921,verguenza,3.4441191665231616e-05,1,O
4922,vergüenza,6.888238333046323e-05,2,O
4923,veros,3.4441191665231616e-05,1,O
4924,verá,3.4441191665231616e-05,1,O
4925,veríamos,3.4441191665231616e-05,1,O
4926,ves,3.4441191665231616e-05,1,O
4927,vete,3.4441191665231616e-05,1,O
4928,vetula,3.4441191665231616e-05,1,O
4929,vez,0.0011365593249526434,33,O
4930,vez.Para,3.4441191665231616e-05,1,O
4931,vi,0.00013776476666092647,4,O
4932,viaje,3.4441191665231616e-05,1,O
4933,vic,3.4441191665231616e-05,1,O
4934,vicio,3.4441191665231616e-05,1,O
4935,vida,0.00010332357499569486,3,O
4936,vidriera,3.4441191665231616e-05,1,O
4937,vieira,0.0026246719160104987,1,B-negative
4938,vieja,3.4441191665231616e-05,1,O
4939,viejas,3.4441191665231616e-05,1,O
4940,viendo,6.888238333046323e-05,2,O
4941,viene,3.4441191665231616e-05,1,O
4942,vienen,3.4441191665231616e-05,1,O
4943,viernes,0.00017220595832615808,5,O
4944,vimos,0.00010332357499569486,3,O
4945,vinagre,3.4441191665231616e-05,1,O
4946,vinagreta,3.4441191665231616e-05,1,O
4947,vinito,0.0008620689655172414,1,B-positive
4948,vino,0.015748031496062992,6,B-negative
4949,vinos,0.01910828025477707,6,I-positive
4950,violeta,6.888238333046323e-05,2,O
4951,virtudes,3.4441191665231616e-05,1,O
4952,visita,0.0002066471499913897,6,O
4953,visitado,6.888238333046323e-05,2,O
4954,visitar,3.4441191665231616e-05,1,O
4955,visitarlo,3.4441191665231616e-05,1,O
4956,visitaron,3.4441191665231616e-05,1,O
4957,vista,0.0008620689655172414,1,B-positive
4958,vistas,0.002586206896551724,3,B-positive
4959,vistazo,3.4441191665231616e-05,1,O
4960,visto,3.4441191665231616e-05,1,O
4961,vivero,3.4441191665231616e-05,1,O
4962,vivimos,3.4441191665231616e-05,1,O
4963,voces,3.4441191665231616e-05,1,O
4964,volando,3.4441191665231616e-05,1,O
4965,volcán,3.4441191665231616e-05,1,O
4966,volumen,3.4441191665231616e-05,1,O
4967,voluntad,3.4441191665231616e-05,1,O
4968,volver,0.0006888238333046323,20,O
4969,volveremos,0.0005166178749784743,15,O
4970,volvereoms,3.4441191665231616e-05,1,O
4971,volveria,3.4441191665231616e-05,1,O
4972,volveré,0.005847953216374269,1,I-negative
4973,volveríamos,3.4441191665231616e-05,1,O
4974,volvia,3.4441191665231616e-05,1,O
4975,volviamos,3.4441191665231616e-05,1,O
4976,volvieron,3.4441191665231616e-05,1,O
4977,volvimos,6.888238333046323e-05,2,O
4978,volúmen,3.4441191665231616e-05,1,O
4979,vosotros,3.4441191665231616e-05,1,O
4980,voy,0.00030997072498708454,9,O
4981,voz,3.4441191665231616e-05,1,O
4982,vuelta,3.4441191665231616e-05,1,O
4983,vueltas,3.4441191665231616e-05,1,O
4984,vuelto,3.4441191665231616e-05,1,O
4985,vuelva,6.888238333046323e-05,2,O
4986,vuelves,3.4441191665231616e-05,1,O
4987,vuestra,6.888238333046323e-05,2,O
4988,vuestro,0.00010332357499569486,3,O
4989,vulgar,0.00010332357499569486,3,O
4990,vía,6.888238333046323e-05,2,O
4991,víspera,3.4441191665231616e-05,1,O
4992,web,0.0031847133757961785,1,I-positive
4993,x,3.4441191665231616e-05,1,O
4994,xato,0.0031847133757961785,1,I-positive
4995,xmenez,3.4441191665231616e-05,1,O
4996,y,0.035267780265197175,1024,O
4997,ya,0.0020320303082486655,59,O
4998,yahe,3.4441191665231616e-05,1,O
4999,yo,0.005847953216374269,1,I-negative
5000,yogurt,3.4441191665231616e-05,1,O
5001,york,3.4441191665231616e-05,1,O
5002,zaragoza,0.00013776476666092647,4,O
5003,zona,0.0026246719160104987,1,B-negative
5004,zonas,3.4441191665231616e-05,1,O
5005,¡,0.00044773549164801103,13,O
5006,¨,3.4441191665231616e-05,1,O
5007,´,0.005847953216374269,1,I-negative
5008,¿,0.00048217668331324264,14,O
5009,Él,3.4441191665231616e-05,1,O
5010,Éramos,6.888238333046323e-05,2,O
5011,Óptimo,6.888238333046323e-05,2,O
5012,ágil,3.4441191665231616e-05,1,O
5013,áun,3.4441191665231616e-05,1,O
5014,él,0.00013776476666092647,4,O
5015,énmascaraban,3.4441191665231616e-05,1,O
5016,éramos,3.4441191665231616e-05,1,O
5017,ésa,3.4441191665231616e-05,1,O
5018,éste,0.00010332357499569486,3,O
5019,éxito,3.4441191665231616e-05,1,O
5020,íbamos,6.888238333046323e-05,2,O
5021,ínfima,3.4441191665231616e-05,1,O
5022,íntima,3.4441191665231616e-05,1,O
5023,íré,3.4441191665231616e-05,1,O
5024,ó,3.4441191665231616e-05,1,O
5025,ólive,3.4441191665231616e-05,1,O
5026,óptima,3.4441191665231616e-05,1,O
5027,óptimo,0.00010332357499569486,3,O
5028,última,0.00017220595832615808,5,O
5029,último,0.00027552953332185293,8,O
5030,últimos,3.4441191665231616e-05,1,O
5031,única,0.00024108834165662132,7,O
5032,único,0.00030997072498708454,9,O
5033,‘,6.888238333046323e-05,2,O
5034,’,0.00027552953332185293,8,O
5035,“,0.0031847133757961785,1,I-positive
5036,”,0.0031847133757961785,1,I-positive
5037,…,0.0026246719160104987,1,B-negative
5038,″,3.4441191665231616e-05,1,O
5039,€,0.0031847133757961785,1,I-positive
